-20 0.0327939973185	 0.00830518	0.00823992	0.00338195	0.00221398	0.00220523	0.00279091	0.00282807	0.00277095
-19.999 0.0328455109427	0.00832172	0.00825626	0.00338626	0.00221627	0.00220751	0.00279415	0.00283138	0.00277415
-19.998 0.0328971549582	 0.0083383	0.00827265	0.00339057	0.00221856	0.0022098	0.00279739	0.00283469	0.00277737
-19.997 0.0329489298305	 0.00835493	0.00828909	0.00339489	0.00222086	0.00221208	0.00280065	0.00283801	0.00278059
-19.996 0.0330008360273	 0.00837161	0.00830558	0.00339922	0.00222316	0.00221437	0.0028039	0.00284134	0.00278381
-19.995 0.0330528740186	 0.00838834	0.00832211	0.00340356	0.00222547	0.00221667	0.00280717	0.00284467	0.00278705
-19.994 0.0331050442763	 0.00840512	0.0083387	0.00340791	0.00222778	0.00221897	0.00281044	0.00284801	0.00279028
-19.993 0.0331573472748	 0.00842195	0.00835533	0.00341226	0.00223009	0.00222127	0.00281371	0.00285135	0.00279352
-19.992 0.0332097834905	 0.00843884	0.00837202	0.00341663	0.0022324	0.00222357	0.00281699	0.0028547	0.00279677
-19.991 0.0332623534022	 0.00845577	0.00838875	0.003421	0.00223472	0.00222588	0.00282028	0.00285806	0.00280003
-19.99 0.0333150574907	 0.00847275	0.00840554	0.00342538	0.00223705	0.00222819	0.00282357	0.00286142	0.00280329
-19.989 0.0333678962393	 0.00848979	0.00842237	0.00342976	0.00223937	0.00223051	0.00282687	0.00286478	0.00280655
-19.988 0.0334208701335	 0.00850688	0.00843926	0.00343416	0.0022417	0.00223283	0.00283017	0.00286816	0.00280982
-19.987 0.0334739796609	 0.00852401	0.0084562	0.00343857	0.00224404	0.00223515	0.00283348	0.00287154	0.0028131
-19.986 0.0335272253117	 0.0085412	0.00847319	0.00344298	0.00224637	0.00223748	0.0028368	0.00287492	0.00281638
-19.985 0.0335806075781	 0.00855845	0.00849022	0.0034474	0.00224872	0.00223981	0.00284012	0.00287831	0.00281967
-19.984 0.0336341269548	 0.00857574	0.00850732	0.00345183	0.00225106	0.00224214	0.00284344	0.00288171	0.00282296
-19.983 0.0336877839389	 0.00859309	0.00852446	0.00345627	0.00225341	0.00224448	0.00284678	0.00288511	0.00282626
-19.982 0.0337415790296	 0.00861049	0.00854165	0.00346072	0.00225576	0.00224682	0.00285012	0.00288852	0.00282957
-19.981 0.0337955127286	 0.00862794	0.0085589	0.00346517	0.00225812	0.00224917	0.00285346	0.00289193	0.00283288
-19.98 0.03384958554	 0.00864545	0.0085762	0.00346964	0.00226048	0.00225152	0.00285681	0.00289536	0.00283619
-19.979 0.0339037979703	 0.008663	0.00859355	0.00347411	0.00226284	0.00225387	0.00286017	0.00289878	0.00283952
-19.978 0.0339581505283	 0.00868062	0.00861095	0.0034786	0.00226521	0.00225623	0.00286353	0.00290222	0.00284285
-19.977 0.0340126437253	 0.00869828	0.00862841	0.00348309	0.00226758	0.00225859	0.0028669	0.00290565	0.00284618
-19.976 0.0340672780749	 0.008716	0.00864592	0.00348759	0.00226995	0.00226095	0.00287027	0.0029091	0.00284952
-19.975 0.0341220540934	  0.00873378	0.00866348	0.00349209	0.00227233	0.00226332	0.00287365	0.00291255	0.00285287
-19.974 0.0341769722992	 0.00875161	0.0086811	0.00349661	0.00227471	0.00226569	0.00287704	0.00291601	0.00285622
-19.973 0.0342320332136	 0.00876949	0.00869877	0.00350114	0.00227709	0.00226806	0.00288043	0.00291947	0.00285958
-19.972 0.03428723736	 0.00878743	0.00871649	0.00350567	0.00227948	0.00227044	0.00288383	0.00292294	0.00286294
-19.971 0.0343425852644	 0.00880542	0.00873427	0.00351021	0.00228188	0.00227282	0.00288723	0.00292642	0.00286631
-19.97 0.0343980774556	 0.00882347	0.00875211	0.00351477	0.00228427	0.00227521	0.00289064	0.0029299	0.00286969
-19.969 0.0344537144645	 0.00884157	0.00876999	0.00351933	0.00228667	0.0022776	0.00289406	0.00293339	0.00287307
-19.968 0.0345094968248	 0.00885973	0.00878794	0.0035239	0.00228908	0.00227999	0.00289748	0.00293688	0.00287646
-19.967 0.0345654250727	 0.00887795	0.00880593	0.00352848	0.00229149	0.00228239	0.00290091	0.00294039	0.00287985
-19.966 0.034621499747	  0.00889622	0.00882399	0.00353306	0.0022939	0.00228479	0.00290434	0.00294389	0.00288325
-19.965 0.0346777213891	 0.00891455	0.0088421	0.00353766	0.00229631	0.0022872	0.00290778	0.00294741	0.00288665
-19.964 0.034734090543	                 0.00893294	0.00886026	0.00354227	0.00229873	0.0022896	0.00291123	0.00295093	0.00289007
-19.963 0.0347906077552	      0.00895138	0.00887848	0.00354688	0.00230116	0.00229202	0.00291468	0.00295445	0.00289348
-19.962 0.034847273575	  0.00896988	0.00889676	0.0035515	0.00230358	0.00229443	0.00291814	0.00295799	0.00289691
-19.961 0.0349040885543	 0.00898843	0.00891509	0.00355614	0.00230602	0.00229685	0.00292161	0.00296152	0.00290034
-19.96 0.0349610532476	 0.00900705	0.00893348	0.00356078	0.00230845	0.00229928	0.00292508	0.00296507	0.00290377
-19.959 0.0350181682122	 0.00902572	0.00895193	0.00356543	0.00231089	0.0023017	0.00292855	0.00296862	0.00290722
-19.958 0.0350754340081	 0.00904445	0.00897043	0.00357009	0.00231333	0.00230414	0.00293204	0.00297218	0.00291066
-19.957 0.0351328511978	 0.00906324	0.00898899	0.00357476	0.00231578	0.00230657	0.00293553	0.00297574	0.00291412
-19.956 0.0351904203469	 0.00908209	0.00900761	0.00357944	0.00231823	0.00230901	0.00293902	0.00297931	0.00291758
-19.955 0.0352481420233	 0.00910099	0.00902629	0.00358412	0.00232068	0.00231145	0.00294252	0.00298289	0.00292105
-19.954 0.0353060167981	 0.00911996	0.00904503	0.00358882	0.00232314	0.0023139	0.00294603	0.00298647	0.00292452
-19.953 0.035364045245	 0.00913898	0.00906382	0.00359353	0.0023256	0.00231635	0.00294955	0.00299006	0.002928
-19.952 0.0354222279403	 0.00915807	0.00908267	0.00359824	0.00232807	0.00231881	0.00295307	0.00299366	0.00293148
-19.951 0.0354805654635	  0.00917721	0.00910158	0.00360297	0.00233054	0.00232127	0.0029566	0.00299726	0.00293498
-19.95 0.0355390583967	 0.00919642	0.00912055	0.0036077	0.00233301	0.00232373	0.00296013	0.00300087	0.00293847
-19.949 0.0355977073248	 0.00921568	0.00913958	0.00361244	0.00233549	0.00232619	0.00296367	0.00300449	0.00294198
-19.948 0.0356565128357	 0.00923501	0.00915867	0.0036172	0.00233797	0.00232867	0.00296722	0.00300811	0.00294549
-19.947 0.0357154755202	 0.00925439	0.00917782	0.00362196	0.00234046	0.00233114	0.00297077	0.00301174	0.002949
-19.946 0.0357745959719	 0.00927384	0.00919703	0.00362673	0.00234295	0.00233362	0.00297433	0.00301538	0.00295253
-19.945 0.0358338747873	 0.00929335	0.0092163	0.00363151	0.00234544	0.0023361	0.00297789	0.00301902	0.00295606
-19.944 0.0358933125661	 0.00931292	0.00923563	0.0036363	0.00234794	0.00233859	0.00298147	0.00302267	0.00295959
-19.943 0.0359529099105	 0.00933255	0.00925502	0.0036411	0.00235044	0.00234108	0.00298504	0.00302632	0.00296313
-19.942 0.0360126674261	 0.00935224	0.00927447	0.00364591	0.00235294	0.00234357	0.00298863	0.00302999	0.00296668
-19.941 0.0360725857212	  0.009372	0.00929399	0.00365073	0.00235545	0.00234607	0.00299222	0.00303365	0.00297024
-19.94 0.0361326654073	 0.00939182	0.00931356	0.00365556	0.00235797	0.00234857	0.00299582	0.00303733	0.0029738
-19.939 0.0361929070989	 0.0094117	0.0093332	0.00366039	0.00236049	0.00235108	0.00299942	0.00304101	0.00297737
-19.938 0.0362533114134	 0.00943164	0.0093529	0.00366524	0.00236301	0.00235359	0.00300303	0.0030447	0.00298094
-19.937 0.0363138789715	 0.00945165	0.00937266	0.0036701	0.00236553	0.0023561	0.00300665	0.0030484	0.00298452
-19.936 0.0363746103967	 0.00947172	0.00939248	0.00367496	0.00236806	0.00235862	0.00301027	0.0030521	0.00298811
-19.935 0.0364355063158	 0.00949186	0.00941237	0.00367984	0.0023706	0.00236114	0.0030139	0.00305581	0.0029917
-19.934 0.0364965673587	 0.00951206	0.00943232	0.00368473	0.00237313	0.00236367	0.00301754	0.00305952	0.0029953
-19.933 0.0365577941584	 0.00953233	0.00945233	0.00368962	0.00237568	0.0023662	0.00302118	0.00306325	0.00299891
-19.932 0.0366191873511	 0.00955266	0.00947241	0.00369453	0.00237822	0.00236873	0.00302483	0.00306698	0.00300252
-19.931 0.0366807475761	   0.00957305	0.00949255	0.00369944	0.00238077	0.00237127	0.00302849	0.00307071	0.00300614
-19.93 0.036742475476	 0.00959351	0.00951276	0.00370437	0.00238333	0.00237381	0.00303215	0.00307446	0.00300976
-19.929 0.0368043716965	 0.00961404	0.00953303	0.0037093	0.00238588	0.00237636	0.00303582	0.00307821	0.0030134
-19.928 0.0368664368867	 0.00963463	0.00955337	0.00371425	0.00238845	0.00237891	0.0030395	0.00308196	0.00301703
-19.927 0.0369286716988	 0.00965529	0.00957377	0.0037192	0.00239101	0.00238147	0.00304318	0.00308573	0.00302068
-19.926 0.0369910767884	 0.00967601	0.00959423	0.00372417	0.00239358	0.00238403	0.00304687	0.0030895	0.00302433
-19.925 0.0370536528143	 0.0096968	0.00961476	0.00372914	0.00239616	0.00238659	0.00305057	0.00309327	0.00302799
-19.924 0.0371164004387	  0.00971766	0.00963536	0.00373413	0.00239874	0.00238916	0.00305427	0.00309706	0.00303166
-19.923 0.0371793203271	  0.00973859	0.00965602	0.00373912	0.00240132	0.00239173	0.00305798	0.00310085	0.00303533
-19.922 0.0372424131483	 0.00975958	0.00967675	0.00374413	0.00240391	0.0023943	0.0030617	0.00310465	0.00303901
-19.921 0.0373056795746	  0.00978064	0.00969755	0.00374914	0.0024065	0.00239688	0.00306542	0.00310845	0.00304269
-19.92 0.0373691202817	 0.00980177	0.00971842	0.00375417	0.00240909	0.00239947	0.00306915	0.00311226	0.00304638
-19.919 0.0374327359485	 0.00982297	0.00973935	0.0037592	0.00241169	0.00240206	0.00307289	0.00311608	0.00305008
-19.918 0.0374965272577	 0.00984424	0.00976035	0.00376424	0.0024143	0.00240465	0.00307664	0.00311991	0.00305379
-19.917 0.0375604948952	 0.00986557	0.00978141	0.0037693	0.00241691	0.00240724	0.00308039	0.00312374	0.0030575
-19.916 0.0376246395505	 0.00988698	0.00980255	0.00377437	0.00241952	0.00240984	0.00308415	0.00312758	0.00306122
-19.915 0.0376889619166	 0.00990845	0.00982375	0.00377944	0.00242214	0.00241245	0.00308791	0.00313143	0.00306495
-19.914 0.0377534626899	 0.00993	0.00984503	0.00378453	0.00242476	0.00241506	0.00309168	0.00313529	0.00306868
-19.913 0.0378181425706	 0.00995161	0.00986637	0.00378962	0.00242738	0.00241767	0.00309546	0.00313915	0.00307242
-19.912 0.0378830022623	 0.0099733	0.00988778	0.00379473	0.00243001	0.00242029	0.00309925	0.00314302	0.00307616
-19.911 0.0379480424722	 0.00999506	0.00990926	0.00379985	0.00243265	0.00242291	0.00310304	0.00314689	0.00307992
-19.91 0.0380132639113	 0.0100169	0.00993081	0.00380497	0.00243528	0.00242554	0.00310684	0.00315078	0.00308368
-19.909 0.0380786672939	 0.0100388	0.00995244	0.00381011	0.00243793	0.00242817	0.00311064	0.00315467	0.00308744
-19.908 0.0381442533384	 0.0100608	0.00997413	0.00381526	0.00244057	0.0024308	0.00311446	0.00315856	0.00309122
-19.907 0.0382100227666	 0.0100828	0.00999589	0.00382042	0.00244322	0.00243344	0.00311828	0.00316247	0.003095
-19.906 0.038275976304	 0.0101049	0.0100177	0.00382558	0.00244588	0.00243608	0.00312211	0.00316638	0.00309879
-19.905 0.03834211468	 0.0101271	0.0100396	0.00383076	0.00244854	0.00243873	0.00312594	0.0031703	0.00310258
-19.904 0.0384084386277	 0.0101494	0.0100616	0.00383595	0.0024512	0.00244138	0.00312978	0.00317423	0.00310638
-19.903 0.038474948884	 0.0101717	0.0100837	0.00384115	0.00245387	0.00244404	0.00313363	0.00317816	0.00311019
-19.902 0.0385416461894	 0.0101941	0.0101058	0.00384636	0.00245654	0.0024467	0.00313749	0.0031821	0.00311401
-19.901 0.0386085312886	 0.0102166	0.010128	0.00385159	0.00245922	0.00244937	0.00314135	0.00318605	0.00311783
-19.9 0.03867560493	 0.0102392	0.0101502	0.00385682	0.0024619	0.00245204	0.00314522	0.00319001	0.00312166
-19.899 0.0387428678657	 0.0102618	0.0101726	0.00386206	0.00246459	0.00245471	0.0031491	0.00319397	0.0031255
-19.898 0.038810320852	 0.0102845	0.010195	0.00386731	0.00246728	0.00245739	0.00315298	0.00319794	0.00312934
-19.897 0.0388779646488	 0.0103073	0.0102175	0.00387258	0.00246997	0.00246007	0.00315687	0.00320192	0.00313319
-19.896 0.0389458000204	 0.0103301	0.0102401	0.00387785	0.00247267	0.00246276	0.00316077	0.0032059	0.00313705
-19.895 0.0390138277348	  0.0103531	0.0102627	0.00388314	0.00247538	0.00246545	0.00316468	0.0032099	0.00314092
-19.894 0.0390820485639	 0.0103761	0.0102854	0.00388844	0.00247808	0.00246814	0.00316859	0.0032139	0.00314479
-19.893 0.0391504632838	 0.0103992	0.0103082	0.00389374	0.0024808	0.00247084	0.00317251	0.0032179	0.00314867
-19.892 0.0392190726748	 0.0104223	0.0103311	0.00389906	0.00248351	0.00247355	0.00317644	0.00322192	0.00315255
-19.891 0.0392878775211	     0.0104456	0.010354	0.00390439	0.00248623	0.00247626	0.00318037	0.00322594	0.00315645
-19.89 0.0393568786109	 0.0104689	0.010377	0.00390973	0.00248896	0.00247897	0.00318431	0.00322997	0.00316035
-19.889 0.0394260767368	 0.0104923	0.0104001	0.00391508	0.00249169	0.00248169	0.00318826	0.00323401	0.00316426
-19.888 0.0394954726954	 0.0105158	0.0104233	0.00392044	0.00249442	0.00248441	0.00319222	0.00323806	0.00316817
-19.887 0.0395650672876	 0.0105393	0.0104466	0.00392582	0.00249716	0.00248714	0.00319619	0.00324211	0.0031721
-19.886 0.0396348613184	  0.010563	0.0104699	0.0039312	0.00249991	0.00248987	0.00320016	0.00324617	0.00317603
-19.885 0.0397048555971	 0.0105867	0.0104933	0.0039366	0.00250266	0.0024926	0.00320414	0.00325024	0.00317996
-19.884 0.0397750509374	 0.0106105	0.0105168	0.003942	0.00250541	0.00249534	0.00320812	0.00325432	0.00318391
-19.883 0.0398454481572	 0.0106344	0.0105403	0.00394742	0.00250817	0.00249809	0.00321212	0.0032584	0.00318786
-19.882 0.0399160480785	 0.0106583	0.010564	0.00395285	0.00251093	0.00250084	0.00321612	0.00326249	0.00319182
-19.881 0.0399868515281	 0.0106824	0.0105877	0.00395829	0.00251369	0.00250359	0.00322013	0.00326659	0.00319579
-19.88 0.040057859337	 0.0107065	0.0106115	0.00396374	0.00251647	0.00250635	0.00322414	0.0032707	0.00319976
-19.879 0.0401290723404	 0.0107307	0.0106354	0.0039692	0.00251924	0.00250911	0.00322817	0.00327481	0.00320374
-19.878 0.0402004913783	 0.010755	0.0106594	0.00397467	0.00252202	0.00251188	0.0032322	0.00327893	0.00320773
-19.877 0.0402721172949	 0.0107793	0.0106834	0.00398016	0.00252481	0.00251465	0.00323624	0.00328306	0.00321173
-19.876 0.0403439509391	  0.0108038	0.0107075	0.00398566	0.0025276	0.00251743	0.00324028	0.0032872	0.00321573
-19.875 0.0404159931642	 0.0108283	0.0107317	0.00399116	0.00253039	0.00252021	0.00324434	0.00329135	0.00321974
-19.874 0.0404882448281	 0.0108529	0.010756	0.00399668	0.00253319	0.002523	0.0032484	0.0032955	0.00322376
-19.873 0.0405607067933	 0.0108776	0.0107804	0.00400221	0.00253599	0.00252579	0.00325247	0.00329966	0.00322779
-19.872 0.0406333799271	 0.0109024	0.0108049	0.00400775	0.0025388	0.00252858	0.00325655	0.00330383	0.00323182
-19.871 0.0407062651011	 0.0109273	0.0108294	0.00401331	0.00254161	0.00253138	0.00326063	0.00330801	0.00323586
-19.87 0.0407793631918	         0.0109522	0.010854	0.00401887	0.00254443	0.00253419	0.00326472	0.00331219	0.00323991
-19.869 0.0408526750804	 0.0109773	0.0108787	0.00402445	0.00254725	0.00253699	0.00326882	0.00331639	0.00324397
-19.868 0.0409262016528	 0.0110024	0.0109035	0.00403004	0.00255008	0.00253981	0.00327293	0.00332059	0.00324804
-19.867 0.0409999437999	 0.0110276	0.0109284	0.00403564	0.00255291	0.00254263	0.00327705	0.0033248	0.00325211
-19.866 0.041073902417	 0.0110529	0.0109534	0.00404125	0.00255575	0.00254545	0.00328117	0.00332901	0.00325619
-19.865 0.0411480784046	 0.0110783	0.0109784	0.00404687	0.00255859	0.00254828	0.0032853	0.00333324	0.00326027
-19.864 0.0412224726679	 0.0111038	0.0110035	0.00405251	0.00256143	0.00255111	0.00328944	0.00333747	0.00326437
-19.863 0.041297086117	 0.0111293	0.0110288	0.00405815	0.00256428	0.00255395	0.00329359	0.00334171	0.00326847
-19.862 0.0413719196671	 0.011155	0.0110541	0.00406381	0.00256714	0.00255679	0.00329774	0.00334596	0.00327258
-19.861 0.0414469742382	 0.0111807	0.0110795	0.00406948	0.00257	0.00255964	0.00330191	0.00335022	0.0032767
-19.86 0.0415222507554	    0.0112065	0.0111049	0.00407517	0.00257286	0.00256249	0.00330608	0.00335449	0.00328083
-19.859 0.0415977501488	 0.0112325	0.0111305	0.00408086	0.00257573	0.00256534	0.00331025	0.00335876	0.00328496
-19.858 0.0416734733536	 0.0112585	0.0111562	0.00408657	0.0025786	0.0025682	0.00331444	0.00336304	0.0032891
-19.857 0.04174942131	 0.0112846	0.0111819	0.00409228	0.00258148	0.00257107	0.00331864	0.00336733	0.00329325
-19.856 0.0418255949636	 0.0113107	0.0112077	0.00409801	0.00258437	0.00257394	0.00332284	0.00337163	0.00329741
-19.855 0.0419019952649	 0.011337	0.0112337	0.00410376	0.00258726	0.00257682	0.00332705	0.00337594	0.00330158
-19.854 0.0419786231698	 0.0113634	0.0112597	0.00410951	0.00259015	0.0025797	0.00333127	0.00338025	0.00330575
-19.853 0.0420554796393	 0.0113899	0.0112858	0.00411528	0.00259305	0.00258258	0.00333549	0.00338457	0.00330993
-19.852 0.0421325656397	 0.0114164	0.011312	0.00412106	0.00259595	0.00258547	0.00333973	0.00338891	0.00331412
-19.851 0.0422098821429	 0.0114431	0.0113383	0.00412685	0.00259886	0.00258837	0.00334397	0.00339325	0.00331832
-19.85 0.0422874301257	 0.0114698	0.0113647	0.00413265	0.00260177	0.00259127	0.00334822	0.00339759	0.00332252
-19.849 0.0423652105706	 0.0114966	0.0113911	0.00413846	0.00260469	0.00259417	0.00335248	0.00340195	0.00332673
-19.848 0.0424432244655	 0.0115236	0.0114177	0.00414429	0.00260761	0.00259708	0.00335674	0.00340631	0.00333096
-19.847 0.0425214728036	 0.0115506	0.0114443	0.00415013	0.00261054	0.00259999	0.00336102	0.00341069	0.00333518
-19.846 0.0425999565838	 0.0115777	0.0114711	0.00415598	0.00261347	0.00260291	0.0033653	0.00341507	0.00333942
-19.845 0.0426786768104	 0.0116049	0.0114979	0.00416185	0.00261641	0.00260584	0.00336959	0.00341946	0.00334367
-19.844 0.0427576344934	 0.0116322	0.0115249	0.00416772	0.00261935	0.00260877	0.00337389	0.00342386	0.00334792
-19.843 0.0428368306483	 0.0116596	0.0115519	0.00417361	0.0026223	0.0026117	0.0033782	0.00342826	0.00335218
-19.842 0.0429162662962	            0.0116872	0.011579	0.00417952	0.00262525	0.00261464	0.00338251	0.00343268	0.00335645
-19.841 0.0429959424641	 0.0117148	0.0116063	0.00418543	0.00262821	0.00261758	0.00338684	0.0034371	0.00336073
-19.84 0.0430758601846	 0.0117425	0.0116336	0.00419136	0.00263117	0.00262053	0.00339117	0.00344154	0.00336501
-19.839 0.043156020496	 0.0117703	0.011661	0.0041973	0.00263414	0.00262349	0.00339551	0.00344598	0.00336931
-19.838 0.0432364244426	 0.0117981	0.0116885	0.00420325	0.00263711	0.00262644	0.00339986	0.00345043	0.00337361
-19.837 0.0433170730745	 0.0118261	0.0117161	0.00420921	0.00264009	0.00262941	0.00340422	0.00345489	0.00337792
-19.836 0.0433979674474	 0.0118542	0.0117438	0.00421519	0.00264307	0.00263238	0.00340858	0.00345935	0.00338224
-19.835 0.0434791086234	 0.0118824	0.0117716	0.00422118	0.00264606	0.00263535	0.00341296	0.00346383	0.00338657
-19.834 0.0435604976702	 0.0119107	0.0117996	0.00422718	0.00264905	0.00263833	0.00341734	0.00346831	0.0033909
-19.833 0.0436421356617	 0.0119391	0.0118276	0.0042332	0.00265205	0.00264131	0.00342173	0.00347281	0.00339525
-19.832 0.0437240236778	                     0.0119676	0.0118557	0.00423923	0.00265505	0.0026443	0.00342613	0.00347731	0.0033996
-19.831 0.0438061628045	 0.0119962	0.0118839	0.00424527	0.00265806	0.0026473	0.00343054	0.00348182	0.00340396
-19.83 0.043888554134	 0.0120249	0.0119122	0.00425132	0.00266108	0.0026503	0.00343496	0.00348634	0.00340833
-19.829 0.0439711987645	 0.0120537	0.0119406	0.00425739	0.00266409	0.0026533	0.00343938	0.00349087	0.0034127
-19.828 0.0440540978007	 0.0120827	0.0119691	0.00426347	0.00266712	0.00265631	0.00344381	0.0034954	0.00341709
-19.827 0.0441372523533	 0.0121117	0.0119977	0.00426957	0.00267015	0.00265932	0.00344826	0.00349995	0.00342148
-19.826 0.0442206635394	 0.0121408	0.0120264	0.00427567	0.00267318	0.00266234	0.00345271	0.0035045	0.00342589
-19.825 0.0443043324826	 0.01217	0.0120552	0.00428179	0.00267622	0.00266537	0.00345717	0.00350907	0.0034303
-19.824 0.0443882603127	 0.0121994	0.0120842	0.00428792	0.00267926	0.0026684	0.00346163	0.00351364	0.00343472
-19.823 0.0444724481661	 0.0122288	0.0121132	0.00429407	0.00268231	0.00267143	0.00346611	0.00351822	0.00343915
-19.822 0.0445568971855	 0.0122583	0.0121423	0.00430023	0.00268537	0.00267447	0.0034706	0.00352281	0.00344358
-19.821 0.0446416085203	 0.012288	0.0121716	0.0043064	0.00268843	0.00267752	0.00347509	0.00352741	0.00344803
-19.82 0.0447265833265	 0.0123177	0.0122009	0.00431259	0.00269149	0.00268057	0.00347959	0.00353202	0.00345248
-19.819 0.0448118227667	 0.0123476	0.0122303	0.00431879	0.00269456	0.00268363	0.00348411	0.00353664	0.00345694
-19.818 0.04489732801	 0.0123776	0.0122599	0.004325	0.00269764	0.00268669	0.00348863	0.00354126	0.00346142
-19.817 0.0449831002324	 0.0124077	0.0122896	0.00433122	0.00270072	0.00268975	0.00349315	0.0035459	0.0034659
-19.816 0.0450691406167	 0.0124379	0.0123193	0.00433746	0.0027038	0.00269283	0.00349769	0.00355054	0.00347038
-19.815 0.0451554503524	  0.0124682	0.0123492	0.00434372	0.00270689	0.0026959	0.00350224	0.0035552	0.00347488
-19.814 0.045242030636	 0.0124986	0.0123792	0.00434998	0.00270999	0.00269898	0.00350679	0.00355986	0.00347939
-19.813 0.0453288826706	 0.0125291	0.0124093	0.00435626	0.00271309	0.00270207	0.00351136	0.00356453	0.0034839
-19.812 0.0454160076668	 0.0125598	0.0124395	0.00436256	0.0027162	0.00270516	0.00351593	0.00356921	0.00348843
-19.811 0.0455034068417	 0.0125905	0.0124698	0.00436886	0.00271931	0.00270826	0.00352052	0.0035739	0.00349296
-19.81 0.0455910814197	 0.0126214	0.0125002	0.00437518	0.00272243	0.00271137	0.00352511	0.0035786	0.0034975
-19.809 0.0456790326323	 0.0126523	0.0125308	0.00438152	0.00272555	0.00271448	0.00352971	0.00358331	0.00350205
-19.808 0.0457672617182	 0.0126834	0.0125614	0.00438787	0.00272868	0.00271759	0.00353432	0.00358803	0.00350661
-19.807 0.0458557699232	 0.0127146	0.0125922	0.00439423	0.00273181	0.00272071	0.00353893	0.00359276	0.00351118
-19.806 0.0459445585005	 0.012746	0.0126231	0.0044006	0.00273495	0.00272383	0.00354356	0.0035975	0.00351575
-19.805 0.0460336287104	 0.0127774	0.0126541	0.00440699	0.0027381	0.00272696	0.0035482	0.00360224	0.00352034
-19.804 0.0461229818209	 0.012809	0.0126852	0.0044134	0.00274125	0.0027301	0.00355284	0.003607	0.00352494
-19.803 0.0462126191072	 0.0128406	0.0127164	0.00441982	0.0027444	0.00273324	0.0035575	0.00361176	0.00352954
-19.802 0.046302541852	            0.0128724	0.0127477	0.00442625	0.00274757	0.00273639	0.00356216	0.00361654	0.00353415
-19.801 0.0463927513455	 0.0129043	0.0127792	0.00443269	0.00275073	0.00273954	0.00356684	0.00362132	0.00353877
-19.8 0.0464832488857	 0.0129364	0.0128107	0.00443915	0.0027539	0.0027427	0.00357152	0.00362612	0.0035434
-19.799 0.0465740357779	 0.0129685	0.0128424	0.00444563	0.00275708	0.00274586	0.00357621	0.00363092	0.00354804
-19.798 0.0466651133355	 0.0130008	0.0128742	0.00445212	0.00276026	0.00274903	0.00358091	0.00363573	0.00355269
-19.797 0.0467564828792	 0.0130332	0.0129061	0.00445862	0.00276345	0.0027522	0.00358562	0.00364055	0.00355735
-19.796 0.0468481457379	 0.0130657	0.0129382	0.00446513	0.00276665	0.00275538	0.00359034	0.00364539	0.00356202
-19.795 0.0469401032482	 0.0130983	0.0129703	0.00447167	0.00276985	0.00275856	0.00359507	0.00365023	0.0035667
-19.794 0.0470323567546	 0.013131	0.0130026	0.00447821	0.00277305	0.00276175	0.00359981	0.00365508	0.00357138
-19.793 0.0471249076096	 0.0131639	0.013035	0.00448477	0.00277626	0.00276495	0.00360455	0.00365994	0.00357608
-19.792 0.0472177571738	 0.0131969	0.0130675	0.00449134	0.00277948	0.00276815	0.00360931	0.00366481	0.00358078
-19.791 0.0473109068158	 0.01323	0.0131002	0.00449793	0.0027827	0.00277136	0.00361408	0.00366969	0.0035855
-19.79 0.0474043579124	 0.0132633	0.0131329	0.00450454	0.00278593	0.00277457	0.00361885	0.00367458	0.00359022
-19.789 0.0474981118488	 0.0132967	0.0131658	0.00451115	0.00278916	0.00277779	0.00362364	0.00367948	0.00359495
-19.788 0.047592170018	 0.0133302	0.0131988	0.00451778	0.0027924	0.00278101	0.00362843	0.00368439	0.00359969
-19.787 0.0476865338219	 0.0133638	0.013232	0.00452443	0.00279564	0.00278424	0.00363324	0.00368931	0.00360444
-19.786 0.0477812046704	 0.0133975	0.0132652	0.00453109	0.00279889	0.00278748	0.00363805	0.00369424	0.0036092
-19.785 0.0478761839821	 0.0134314	0.0132986	0.00453777	0.00280215	0.00279072	0.00364287	0.00369918	0.00361397
-19.784 0.0479714731839	 0.0134654	0.0133321	0.00454446	0.00280541	0.00279396	0.00364771	0.00370413	0.00361875
-19.783 0.0480670737114	 0.0134996	0.0133658	0.00455117	0.00280868	0.00279722	0.00365255	0.00370909	0.00362354
-19.782 0.048162987009	 0.0135338	0.0133995	0.00455789	0.00281195	0.00280047	0.0036574	0.00371406	0.00362834
-19.781 0.0482592145296	 0.0135682	0.0134334	0.00456462	0.00281523	0.00280374	0.00366226	0.00371903	0.00363315
-19.78 0.0483557577349	 0.0136028	0.0134674	0.00457137	0.00281851	0.00280701	0.00366713	0.00372402	0.00363797
-19.779 0.0484526180955	   0.0136374	0.0135016	0.00457814	0.0028218	0.00281028	0.00367202	0.00372902	0.00364279
-19.778 0.048549797091	 0.0136722	0.0135359	0.00458492	0.0028251	0.00281356	0.00367691	0.00373403	0.00364763
-19.777 0.0486472962097	 0.0137072	0.0135703	0.00459171	0.0028284	0.00281685	0.00368181	0.00373905	0.00365248
-19.776 0.0487451169493	   0.0137422	0.0136048	0.00459852	0.00283171	0.00282014	0.00368672	0.00374408	0.00365733
-19.775 0.0488432608163	 0.0137774	0.0136395	0.00460535	0.00283502	0.00282344	0.00369164	0.00374912	0.0036622
-19.774 0.0489417293266	 0.0138127	0.0136743	0.00461219	0.00283834	0.00282674	0.00369657	0.00375417	0.00366707
-19.773 0.0490405240051	  0.0138482	0.0137093	0.00461905	0.00284166	0.00283005	0.00370151	0.00375923	0.00367196
-19.772 0.0491396463863	 0.0138838	0.0137443	0.00462592	0.00284499	0.00283336	0.00370646	0.0037643	0.00367685
-19.771 0.0492390980139	 0.0139196	0.0137795	0.0046328	0.00284833	0.00283668	0.00371142	0.00376938	0.00368176
-19.77 0.0493388804411	 0.0139554	0.0138149	0.00463971	0.00285167	0.00284001	0.00371639	0.00377447	0.00368667
-19.769 0.0494389952307	 0.0139915	0.0138504	0.00464662	0.00285502	0.00284334	0.00372137	0.00377957	0.0036916
-19.768 0.049539443955	 0.0140276	0.013886	0.00465356	0.00285838	0.00284668	0.00372636	0.00378468	0.00369653
-19.767 0.0496402281959	 0.0140639	0.0139217	0.00466051	0.00286174	0.00285003	0.00373136	0.00378981	0.00370147
-19.766 0.0497413495452	 0.0141004	0.0139576	0.00466747	0.0028651	0.00285338	0.00373637	0.00379494	0.00370643
-19.765 0.0498428096046	 0.0141369	0.0139937	0.00467445	0.00286847	0.00285673	0.00374139	0.00380008	0.00371139
-19.764 0.0499446099853	 0.0141737	0.0140299	0.00468144	0.00287185	0.00286009	0.00374642	0.00380523	0.00371637
-19.763 0.050046752309	 0.0142105	0.0140662	0.00468846	0.00287523	0.00286346	0.00375146	0.0038104	0.00372135
-19.762 0.050149238207	 0.0142475	0.0141026	0.00469548	0.00287862	0.00286684	0.00375651	0.00381557	0.00372634
-19.761 0.0502520693209	  0.0142847	0.0141392	0.00470253	0.00288202	0.00287022	0.00376157	0.00382075	0.00373135
-19.76 0.0503552473025	 0.014322	0.014176	0.00470958	0.00288542	0.0028736	0.00376664	0.00382595	0.00373636
-19.759 0.0504587738139	 0.0143595	0.0142128	0.00471666	0.00288883	0.00287699	0.00377172	0.00383116	0.00374139
-19.758 0.0505626505275	 0.0143971	0.0142499	0.00472375	0.00289224	0.00288039	0.00377681	0.00383637	0.00374642
-19.757 0.050666879126	         0.0144348	0.014287	0.00473086	0.00289566	0.0028838	0.00378191	0.0038416	0.00375146
-19.756 0.0507714613029	 0.0144727	0.0143244	0.00473798	0.00289909	0.00288721	0.00378703	0.00384684	0.00375652
-19.755 0.0508763987622	 0.0145107	0.0143618	0.00474512	0.00290252	0.00289062	0.00379215	0.00385208	0.00376158
-19.754 0.0509816932183	 0.0145489	0.0143994	0.00475227	0.00290596	0.00289404	0.00379728	0.00385734	0.00376666
-19.753 0.0510873463968	 0.0145873	0.0144372	0.00475944	0.0029094	0.00289747	0.00380243	0.00386261	0.00377174
-19.752 0.0511933600338	 0.0146258	0.0144751	0.00476663	0.00291285	0.00290091	0.00380758	0.00386789	0.00377684
-19.751 0.0512997358764	 0.0146644	0.0145132	0.00477383	0.00291631	0.00290435	0.00381274	0.00387319	0.00378195
-19.75 0.0514064756828	 0.0147032	0.0145514	0.00478105	0.00291977	0.00290779	0.00381792	0.00387849	0.00378706
-19.749 0.0515135812222	 0.0147422	0.0145897	0.00478829	0.00292324	0.00291125	0.0038231	0.0038838	0.00379219
-19.748 0.0516210542751	 0.0147813	0.0146282	0.00479554	0.00292672	0.0029147	0.0038283	0.00388913	0.00379733
-19.747 0.051728896633	  0.0148205	0.0146669	0.00480281	0.0029302	0.00291817	0.00383351	0.00389446	0.00380247
-19.746 0.0518371100991	  0.01486	0.0147057	0.0048101	0.00293369	0.00292164	0.00383872	0.00389981	0.00380763
-19.745 0.0519456964878	 0.0148995	0.0147447	0.0048174	0.00293718	0.00292512	0.00384395	0.00390516	0.0038128
-19.744 0.052054657625	   0.0149393	0.0147838	0.00482472	0.00294068	0.0029286	0.00384919	0.00391053	0.00381798
-19.743 0.0521639953485	 0.0149792	0.0148231	0.00483205	0.00294419	0.00293209	0.00385444	0.00391591	0.00382317
-19.742 0.0522737115074	 0.0150192	0.0148625	0.0048394	0.0029477	0.00293559	0.0038597	0.0039213	0.00382837
-19.741 0.052383807963	 0.0150595	0.0149021	0.00484677	0.00295122	0.00293909	0.00386497	0.0039267	0.00383358
-19.74 0.0524942865883	 0.0150998	0.0149419	0.00485416	0.00295474	0.0029426	0.00387025	0.00393212	0.0038388
-19.739 0.0526051492682	 0.0151404	0.0149818	0.00486156	0.00295827	0.00294611	0.00387554	0.00393754	0.00384404
-19.738 0.0527163978999	   0.0151811	0.0150219	0.00486898	0.00296181	0.00294963	0.00388085	0.00394298	0.00384928
-19.737 0.0528280343925	 0.0152219	0.0150621	0.00487642	0.00296535	0.00295316	0.00388616	0.00394842	0.00385453
-19.736 0.0529400606677	 0.015263	0.0151025	0.00488387	0.0029689	0.00295669	0.00389148	0.00395388	0.0038598
-19.735 0.0530524786593	 0.0153042	0.0151431	0.00489134	0.00297246	0.00296023	0.00389682	0.00395935	0.00386507
-19.734 0.0531652903137	 0.0153456	0.0151838	0.00489883	0.00297602	0.00296378	0.00390217	0.00396483	0.00387036
-19.733 0.0532784975898	 0.0153871	0.0152247	0.00490634	0.00297959	0.00296733	0.00390753	0.00397032	0.00387565
-19.732 0.0533921024592	 0.0154288	0.0152657	0.00491386	0.00298317	0.00297089	0.00391289	0.00397582	0.00388096
-19.731 0.0535061069063	 0.0154707	0.0153069	0.0049214	0.00298675	0.00297446	0.00391827	0.00398134	0.00388628
-19.73 0.0536205129283	 0.0155127	0.0153483	0.00492896	0.00299034	0.00297803	0.00392367	0.00398686	0.00389161
-19.729 0.0537353225354	 0.0155549	0.0153899	0.00493653	0.00299394	0.00298161	0.00392907	0.0039924	0.00389695
-19.728 0.0538505377509	 0.0155973	0.0154316	0.00494412	0.00299754	0.00298519	0.00393448	0.00399795	0.0039023
-19.727 0.0539661606111	 0.0156399	0.0154735	0.00495173	0.00300115	0.00298878	0.00393991	0.00400351	0.00390767
-19.726 0.0540821931659	 0.0156826	0.0155156	0.00495936	0.00300476	0.00299238	0.00394534	0.00400908	0.00391304
-19.725 0.0541986374782	 0.0157255	0.0155578	0.004967	0.00300838	0.00299599	0.00395079	0.00401467	0.00391842
-19.724 0.0543154956248	 0.0157686	0.0156002	0.00497467	0.00301201	0.0029996	0.00395625	0.00402026	0.00392382
-19.723 0.0544327696958	 0.0158119	0.0156428	0.00498235	0.00301564	0.00300321	0.00396172	0.00402587	0.00392923
-19.722 0.0545504617952	 0.0158553	0.0156856	0.00499004	0.00301929	0.00300684	0.0039672	0.00403149	0.00393465
-19.721 0.0546685740407	 0.015899	0.0157285	0.00499776	0.00302293	0.00301047	0.00397269	0.00403712	0.00394007
-19.72 0.0547871085639	 0.0159428	0.0157716	0.00500549	0.00302659	0.00301411	0.00397819	0.00404276	0.00394552
-19.719 0.0549060675106	 0.0159868	0.0158149	0.00501324	0.00303025	0.00301775	0.00398371	0.00404842	0.00395097
-19.718 0.0550254530406	   0.0160309	0.0158583	0.00502101	0.00303392	0.0030214	0.00398924	0.00405408	0.00395643
-19.717 0.0551452673282	 0.0160753	0.015902	0.0050288	0.00303759	0.00302506	0.00399477	0.00405976	0.00396191
-19.716 0.0552655125618	  0.0161198	0.0159458	0.00503661	0.00304127	0.00302872	0.00400032	0.00406545	0.00396739
-19.715 0.0553861909445	 0.0161645	0.0159898	0.00504443	0.00304496	0.00303239	0.00400588	0.00407116	0.00397289
-19.714 0.055507304694	  0.0162094	0.016034	0.00505227	0.00304865	0.00303607	0.00401146	0.00407687	0.0039784
-19.713 0.0556288560427	   0.0162545	0.0160784	0.00506013	0.00305235	0.00303975	0.00401704	0.0040826	0.00398392
-19.712 0.0557508472379	 0.0162998	0.0161229	0.00506801	0.00305606	0.00304344	0.00402264	0.00408833	0.00398945
-19.711 0.0558732805418	 0.0163453	0.0161677	0.00507591	0.00305978	0.00304714	0.00402825	0.00409408	0.00399499
-19.71 0.0559961582318	 0.0163909	0.0162126	0.00508383	0.0030635	0.00305084	0.00403387	0.00409985	0.00400055
-19.709 0.0561194826006	 0.0164368	0.0162577	0.00509176	0.00306722	0.00305455	0.0040395	0.00410562	0.00400611
-19.708 0.0562432559561	 0.0164829	0.016303	0.00509971	0.00307096	0.00305827	0.00404514	0.00411141	0.00401169
-19.707 0.0563674806217	 0.0165291	0.0163485	0.00510769	0.0030747	0.00306199	0.0040508	0.00411721	0.00401728
-19.706 0.0564921589365	   0.0165755	0.0163942	0.00511568	0.00307845	0.00306572	0.00405646	0.00412302	0.00402288
-19.705 0.0566172932553	 0.0166222	0.0164401	0.00512368	0.00308221	0.00306946	0.00406214	0.00412884	0.0040285
-19.704 0.0567428859487	  0.016669	0.0164861	0.00513171	0.00308597	0.00307321	0.00406783	0.00413468	0.00403412
-19.703 0.0568689394034	  0.016716	0.0165324	0.00513976	0.00308974	0.00307696	0.00407354	0.00414053	0.00403976
-19.702 0.0569954560222	 0.0167632	0.0165789	0.00514782	0.00309351	0.00308072	0.00407925	0.00414639	0.00404541
-19.701 0.0571224382241	 0.0168107	0.0166255	0.00515591	0.0030973	0.00308448	0.00408498	0.00415226	0.00405107
-19.7 0.0572498884447	 0.0168583	0.0166724	0.00516401	0.00310109	0.00308825	0.00409072	0.00415815	0.00405674
-19.699 0.0573778091358	 0.0169061	0.0167194	0.00517214	0.00310488	0.00309203	0.00409647	0.00416404	0.00406242
-19.698 0.0575062027662	                 0.0169542	0.0167667	0.00518028	0.00310869	0.00309582	0.00410223	0.00416996	0.00406812
-19.697 0.0576350718214	      0.0170024	0.0168141	0.00518844	0.0031125	0.00309961	0.004108	0.00417588	0.00407383
-19.696 0.0577644188036	  0.0170508	0.0168618	0.00519662	0.00311631	0.00310341	0.00411379	0.00418182	0.00407955
-19.695 0.0578942462326	 0.0170995	0.0169096	0.00520482	0.00312014	0.00310722	0.00411959	0.00418776	0.00408528
-19.694 0.0580245566451	 0.0171484	0.0169577	0.00521304	0.00312397	0.00311103	0.0041254	0.00419373	0.00409102
-19.693 0.0581553525951	 0.0171974	0.0170059	0.00522128	0.00312781	0.00311485	0.00413123	0.0041997	0.00409678
-19.692 0.0582866366544	 0.0172467	0.0170544	0.00522954	0.00313166	0.00311868	0.00413706	0.00420569	0.00410255
-19.691 0.0584184114123	 0.0172962	0.0171031	0.00523781	0.00313551	0.00312251	0.00414291	0.00421169	0.00410833
-19.69 0.058550679476	 0.0173459	0.017152	0.00524611	0.00313937	0.00312636	0.00414877	0.0042177	0.00411412
-19.689 0.0586834434706	 0.0173958	0.0172011	0.00525443	0.00314324	0.0031302	0.00415465	0.00422372	0.00411993
-19.688 0.0588167060395	  0.017446	0.0172504	0.00526277	0.00314711	0.00313406	0.00416053	0.00422976	0.00412574
-19.687 0.0589504698441	  0.0174963	0.0172999	0.00527112	0.00315099	0.00313792	0.00416643	0.00423581	0.00413157
-19.686 0.0590847375645	 0.0175469	0.0173496	0.0052795	0.00315488	0.00314179	0.00417234	0.00424188	0.00413742
-19.685 0.0592195118992	 0.0175977	0.0173996	0.0052879	0.00315878	0.00314567	0.00417827	0.00424796	0.00414327
-19.684 0.0593547955655	 0.0176487	0.0174497	0.00529631	0.00316268	0.00314956	0.00418421	0.00425405	0.00414914
-19.683 0.0594905912998	 0.0176999	0.0175001	0.00530475	0.00316659	0.00315345	0.00419015	0.00426015	0.00415502
-19.682 0.0596269018572	 0.0177514	0.0175507	0.00531321	0.00317051	0.00315735	0.00419612	0.00426627	0.00416091
-19.681 0.0597637300124	 0.0178031	0.0176015	0.00532168	0.00317443	0.00316125	0.00420209	0.0042724	0.00416681
-19.68 0.0599010785593	  0.017855	0.0176525	0.00533018	0.00317837	0.00316517	0.00420808	0.00427854	0.00417273
-19.679 0.0600389503113	 0.0179071	0.0177038	0.0053387	0.00318231	0.00316909	0.00421408	0.0042847	0.00417866
-19.678 0.0601773481017	               0.0179595	0.0177553	0.00534724	0.00318625	0.00317302	0.00422009	0.00429086	0.0041846
-19.677 0.0603162747837	 0.0180121	0.017807	0.0053558	0.00319021	0.00317695	0.00422612	0.00429705	0.00419056
-19.676 0.0604557332304	 0.0180649	0.0178589	0.00536438	0.00319417	0.0031809	0.00423216	0.00430324	0.00419652
-19.675 0.0605957263353	 0.018118	0.0179111	0.00537298	0.00319814	0.00318485	0.00423821	0.00430945	0.00420251
-19.674 0.0607362570122	     0.0181713	0.0179635	0.0053816	0.00320212	0.0031888	0.00424427	0.00431568	0.0042085
-19.673 0.0608773281957	 0.0182248	0.0180161	0.00539024	0.0032061	0.00319277	0.00425035	0.00432191	0.0042145
-19.672 0.0610189428408	 0.0182786	0.018069	0.0053989	0.00321009	0.00319674	0.00425644	0.00432816	0.00422052
-19.671 0.0611611039239	 0.0183326	0.0181221	0.00540759	0.00321409	0.00320072	0.00426255	0.00433443	0.00422656
-19.67 0.0613038144423	 0.0183868	0.0181754	0.00541629	0.0032181	0.00320471	0.00426866	0.0043407	0.0042326
-19.669 0.0614470774145	 0.0184413	0.0182289	0.00542502	0.00322211	0.0032087	0.00427479	0.004347	0.00423866
-19.668 0.0615908958807	 0.018496	0.0182827	0.00543376	0.00322613	0.0032127	0.00428094	0.0043533	0.00424473
-19.667 0.0617352729028	 0.018551	0.0183368	0.00544253	0.00323016	0.00321671	0.00428709	0.00435962	0.00425081
-19.666 0.0618802115645	 0.0186062	0.018391	0.00545132	0.0032342	0.00322073	0.00429326	0.00436595	0.00425691
-19.665 0.0620257149716	     0.0186617	0.0184455	0.00546013	0.00323824	0.00322476	0.00429945	0.0043723	0.00426302
-19.664 0.0621717862522	 0.0187174	0.0185003	0.00546896	0.00324229	0.00322879	0.00430564	0.00437866	0.00426914
-19.663 0.0623184285567	 0.0187733	0.0185553	0.00547781	0.00324635	0.00323283	0.00431185	0.00438503	0.00427528
-19.662 0.0624656450583	 0.0188296	0.0186105	0.00548669	0.00325042	0.00323688	0.00431808	0.00439142	0.00428143
-19.661 0.0626134389531	 0.018886	0.018666	0.00549558	0.00325449	0.00324093	0.00432431	0.00439782	0.00428759
-19.66 0.0627618134602	 0.0189427	0.0187218	0.0055045	0.00325857	0.00324499	0.00433056	0.00440424	0.00429377
-19.659 0.062910771822	 0.0189997	0.0187778	0.00551344	0.00326266	0.00324906	0.00433683	0.00441066	0.00429996
-19.658 0.0630603173043	   0.0190569	0.018834	0.0055224	0.00326676	0.00325314	0.00434311	0.00441711	0.00430616
-19.657 0.0632104531966	     0.0191144	0.0188905	0.00553138	0.00327086	0.00325723	0.0043494	0.00442357	0.00431238
-19.656 0.0633611828122	 0.0191722	0.0189472	0.00554039	0.00327498	0.00326132	0.0043557	0.00443004	0.00431861
-19.655 0.0635125094888	 0.0192302	0.0190042	0.00554942	0.0032791	0.00326542	0.00436202	0.00443652	0.00432485
-19.654 0.0636644365881	 0.0192885	0.0190615	0.00555846	0.00328323	0.00326953	0.00436835	0.00444302	0.00433111
-19.653 0.0638169674965	 0.019347	0.019119	0.00556754	0.00328736	0.00327365	0.0043747	0.00444954	0.00433738
-19.652 0.063970105625	 0.0194058	0.0191768	0.00557663	0.00329151	0.00327777	0.00438106	0.00445607	0.00434366
-19.651 0.0641238544098	  0.0194649	0.0192349	0.00558575	0.00329566	0.0032819	0.00438743	0.00446261	0.00434996
-19.65 0.0642782173121	 0.0195243	0.0192932	0.00559488	0.00329982	0.00328604	0.00439382	0.00446917	0.00435627
-19.649 0.0644331978185	 0.0195839	0.0193517	0.00560404	0.00330399	0.00329019	0.00440022	0.00447574	0.00436259
-19.648 0.0645887994415	       0.0196438	0.0194106	0.00561323	0.00330816	0.00329434	0.00440664	0.00448233	0.00436893
-19.647 0.0647450257192	 0.019704	0.0194697	0.00562243	0.00331234	0.00329851	0.00441307	0.00448893	0.00437529
-19.646 0.064901880216	       0.0197644	0.0195291	0.00563166	0.00331654	0.00330268	0.00441951	0.00449555	0.00438165
-19.645 0.0650593665226	  0.0198251	0.0195887	0.00564091	0.00332074	0.00330686	0.00442597	0.00450218	0.00438803
-19.644 0.0652174882562	 0.0198861	0.0196486	0.00565018	0.00332494	0.00331105	0.00443244	0.00450882	0.00439443
-19.643 0.0653762490609	 0.0199474	0.0197089	0.00565948	0.00332916	0.00331524	0.00443893	0.00451548	0.00440084
-19.642 0.0655356526078	  0.020009	0.0197693	0.0056688	0.00333338	0.00331944	0.00444543	0.00452216	0.00440726
-19.641 0.0656957025956	           0.0200708	0.0198301	0.00567814	0.00333761	0.00332366	0.00445194	0.00452885	0.0044137
-19.64 0.0658564027502	 0.020133	0.0198911	0.00568751	0.00334185	0.00332787	0.00445847	0.00453555	0.00442015
-19.639 0.0660177568255	     0.0201954	0.0199524	0.0056969	0.0033461	0.0033321	0.00446502	0.00454227	0.00442661
-19.638 0.0661797686034	 0.0202581	0.020014	0.00570631	0.00335036	0.00333634	0.00447158	0.00454901	0.00443309
-19.637 0.0663424418942	  0.0203212	0.0200759	0.00571575	0.00335462	0.00334058	0.00447815	0.00455575	0.00443958
-19.636 0.0665057805368	   0.0203845	0.0201381	0.00572521	0.00335889	0.00334483	0.00448474	0.00456252	0.00444609
-19.635 0.066669788399	 0.0204481	0.0202006	0.00573469	0.00336317	0.00334909	0.00449134	0.0045693	0.00445261
-19.634 0.0668344693774	 0.020512	0.0202633	0.00574419	0.00336746	0.00335336	0.00449795	0.00457609	0.00445915
-19.633 0.0669998273983	 0.0205762	0.0203264	0.00575372	0.00337176	0.00335763	0.00450458	0.0045829	0.0044657
-19.632 0.0671658664177	      0.0206407	0.0203897	0.00576328	0.00337606	0.00336192	0.00451123	0.00458973	0.00447227
-19.631 0.0673325904212	 0.0207055	0.0204534	0.00577285	0.00338037	0.00336621	0.00451789	0.00459657	0.00447884
-19.63 0.0675000034249	 0.0207706	0.0205173	0.00578245	0.00338469	0.00337051	0.00452456	0.00460342	0.00448544
-19.629 0.0676681094753	 0.020836	0.0205816	0.00579208	0.00338902	0.00337482	0.00453125	0.00461029	0.00449205
-19.628 0.0678369126495	 0.0209018	0.0206461	0.00580173	0.00339336	0.00337914	0.00453796	0.00461718	0.00449867
-19.627 0.0680064170561	 0.0209678	0.0207109	0.0058114	0.00339771	0.00338346	0.00454468	0.00462408	0.00450531
-19.626 0.0681766268344	  0.0210342	0.0207761	0.0058211	0.00340206	0.00338779	0.00455141	0.004631	0.00451196
-19.625 0.0683475461559	  0.0211008	0.0208416	0.00583082	0.00340642	0.00339214	0.00455816	0.00463793	0.00451863
-19.624 0.0685191792238	 0.0211678	0.0209073	0.00584057	0.0034108	0.00339649	0.00456493	0.00464488	0.00452531
-19.623 0.0686915302735	   0.0212351	0.0209734	0.00585034	0.00341517	0.00340084	0.00457171	0.00465184	0.00453201
-19.622 0.068864603573	 0.0213028	0.0210398	0.00586013	0.00341956	0.00340521	0.0045785	0.00465882	0.00453872
-19.621 0.069038403423	 0.0213707	0.0211065	0.00586995	0.00342396	0.00340959	0.00458531	0.00466582	0.00454545
-19.62 0.0692129341576	       0.021439	0.0211735	0.0058798	0.00342836	0.00341397	0.00459213	0.00467283	0.00455219
-19.619 0.0693882001442	      0.0215076	0.0212409	0.00588967	0.00343278	0.00341836	0.00459898	0.00467985	0.00455894
-19.618 0.0695642057839	 0.0215766	0.0213086	0.00589956	0.0034372	0.00342276	0.00460583	0.0046869	0.00456572
-19.617 0.069740955512	 0.0216458	0.0213765	0.00590948	0.00344163	0.00342717	0.0046127	0.00469396	0.0045725
-19.616 0.0699184537983	 0.0217154	0.0214449	0.00591942	0.00344607	0.00343159	0.00461959	0.00470103	0.0045793
-19.615 0.0700967051471	                 0.0217854	0.0215135	0.00592939	0.00345052	0.00343602	0.00462649	0.00470812	0.00458612
-19.614 0.0702757140979	  0.0218556	0.0215825	0.00593939	0.00345497	0.00344045	0.00463341	0.00471523	0.00459295
-19.613 0.0704554852258	  0.0219263	0.0216518	0.00594941	0.00345944	0.0034449	0.00464034	0.00472235	0.0045998
-19.612 0.0706360231412	 0.0219972	0.0217214	0.00595945	0.00346391	0.00344935	0.00464729	0.00472949	0.00460667
-19.611 0.0708173324911	 0.0220685	0.0217914	0.00596952	0.00346839	0.00345381	0.00465425	0.00473664	0.00461354
-19.61 0.0709994179585	 0.0221402	0.0218617	0.00597962	0.00347288	0.00345828	0.00466123	0.00474381	0.00462044
-19.609 0.0711822842633	 0.0222122	0.0219324	0.00598974	0.00347738	0.00346276	0.00466823	0.004751	0.00462735
-19.608 0.0713659361627	 0.0222846	0.0220034	0.00599989	0.00348189	0.00346724	0.00467524	0.00475821	0.00463427
-19.607 0.0715503784513	  0.0223573	0.0220748	0.00601006	0.00348641	0.00347174	0.00468226	0.00476543	0.00464121
-19.606 0.0717356159613	 0.0224303	0.0221465	0.00602026	0.00349094	0.00347624	0.00468931	0.00477266	0.00464817
-19.605 0.0719216535635	 0.0225038	0.0222185	0.00603048	0.00349547	0.00348075	0.00469636	0.00477992	0.00465514
-19.604 0.0721084961671	 0.0225775	0.0222909	0.00604073	0.00350001	0.00348528	0.00470344	0.00478719	0.00466213
-19.603 0.0722961487201	  0.0226517	0.0223637	0.00605101	0.00350457	0.00348981	0.00471053	0.00479447	0.00466913
-19.602 0.0724846162102	 0.0227262	0.0224368	0.00606131	0.00350913	0.00349435	0.00471763	0.00480178	0.00467615
-19.601 0.0726739036644	 0.0228011	0.0225102	0.00607164	0.0035137	0.00349889	0.00472476	0.00480909	0.00468318
-19.6 0.0728640161502	 0.0228763	0.0225841	0.006082	0.00351828	0.00350345	0.0047319	0.00481643	0.00469023
-19.599 0.0730549587753	 0.022952	0.0226583	0.00609238	0.00352287	0.00350802	0.00473905	0.00482378	0.0046973
-19.598 0.0732467366883	 0.023028	0.0227328	0.00610279	0.00352746	0.00351259	0.00474622	0.00483115	0.00470438
-19.597 0.0734393550793	 0.0231043	0.0228077	0.00611323	0.00353207	0.00351718	0.00475341	0.00483854	0.00471148
-19.596 0.0736328191799	 0.0231811	0.022883	0.00612369	0.00353668	0.00352177	0.00476061	0.00484594	0.00471859
-19.595 0.0738271342639	 0.0232583	0.0229587	0.00613418	0.00354131	0.00352637	0.00476783	0.00485337	0.00472573
-19.594 0.0740223056475	 0.0233358	0.0230348	0.0061447	0.00354594	0.00353098	0.00477507	0.0048608	0.00473287
-19.593 0.07421833869	 0.0234137	0.0231112	0.00615524	0.00355058	0.0035356	0.00478232	0.00486826	0.00474004
-19.592 0.0744152387939	 0.023492	0.023188	0.00616581	0.00355524	0.00354023	0.00478959	0.00487573	0.00474721
-19.591 0.0746130114054	 0.0235707	0.0232652	0.00617641	0.0035599	0.00354487	0.00479688	0.00488322	0.00475441
-19.59 0.0748116620153	 0.0236498	0.0233428	0.00618703	0.00356457	0.00354952	0.00480418	0.00489073	0.00476162
-19.589 0.0750111961586	             0.0237293	0.0234207	0.00619769	0.00356925	0.00355417	0.0048115	0.00489825	0.00476885
-19.588 0.0752116194158	 0.0238092	0.0234991	0.00620837	0.00357393	0.00355884	0.00481884	0.00490579	0.0047761
-19.587 0.0754129374125	  0.0238895	0.0235778	0.00621908	0.00357863	0.00356351	0.00482619	0.00491335	0.00478336
-19.586 0.0756151558208	 0.0239702	0.023657	0.00622981	0.00358334	0.0035682	0.00483356	0.00492093	0.00479063
-19.585 0.0758182803588	 0.0240513	0.0237365	0.00624057	0.00358805	0.00357289	0.00484095	0.00492852	0.00479793
-19.584 0.0760223167918	 0.0241329	0.0238165	0.00625137	0.00359278	0.00357759	0.00484835	0.00493613	0.00480524
-19.583 0.0762272709325	  0.0242148	0.0238968	0.00626219	0.00359751	0.0035823	0.00485577	0.00494376	0.00481257
-19.582 0.0764331486412	 0.0242972	0.0239776	0.00627303	0.00360226	0.00358703	0.00486321	0.00495141	0.00481991
-19.581 0.0766399558269	 0.02438	0.0240588	0.00628391	0.00360701	0.00359176	0.00487066	0.00495907	0.00482727
-19.58 0.0768476984472	 0.0244632	0.0241403	0.00629481	0.00361177	0.0035965	0.00487813	0.00496676	0.00483465
-19.579 0.0770563825091	   0.0245468	0.0242223	0.00630574	0.00361655	0.00360124	0.00488562	0.00497446	0.00484205
-19.578 0.0772660140694	      0.0246309	0.0243048	0.00631671	0.00362133	0.003606	0.00489313	0.00498217	0.00484946
-19.577 0.0774765992354	            0.0247154	0.0243876	0.0063277	0.00362612	0.00361077	0.00490065	0.00498991	0.00485689
-19.576 0.0776881441648	 0.0248003	0.0244709	0.00633871	0.00363092	0.00361555	0.00490819	0.00499766	0.00486434
-19.575 0.0779006550673	 0.0248857	0.0245545	0.00634976	0.00363573	0.00362034	0.00491575	0.00500544	0.0048718
-19.574 0.0781141382038	 0.0249715	0.0246387	0.00636084	0.00364055	0.00362513	0.00492333	0.00501323	0.00487928
-19.573 0.0783285998882	  0.0250577	0.0247232	0.00637194	0.00364538	0.00362994	0.00493092	0.00502103	0.00488678
-19.572 0.0785440464869	  0.0251444	0.0248082	0.00638307	0.00365022	0.00363475	0.00493853	0.00502886	0.00489429
-19.571 0.07876048442	  0.0252316	0.0248936	0.00639424	0.00365507	0.00363958	0.00494616	0.00503671	0.00490183
-19.57 0.0789779201617	   0.0253192	0.0249795	0.00640543	0.00365993	0.00364441	0.00495381	0.00504457	0.00490938
-19.569 0.0791963602406	 0.0254073	0.0250658	0.00641665	0.00366479	0.00364926	0.00496147	0.00505245	0.00491694
-19.568 0.0794158112406	 0.0254958	0.0251526	0.0064279	0.00366967	0.00365411	0.00496915	0.00506035	0.00492453
-19.567 0.0796362798012	 0.0255848	0.0252398	0.00643918	0.00367456	0.00365898	0.00497685	0.00506827	0.00493213
-19.566 0.0798577726182	 0.0256743	0.0253274	0.0064505	0.00367946	0.00366385	0.00498457	0.00507621	0.00493975
-19.565 0.0800802964443	 0.0257642	0.0254156	0.00646184	0.00368436	0.00366873	0.00499231	0.00508416	0.00494739
-19.564 0.0803038580898	 0.0258546	0.0255042	0.00647321	0.00368928	0.00367362	0.00500006	0.00509214	0.00495504
-19.563 0.0805284644229	   0.0259455	0.0255932	0.00648461	0.00369421	0.00367853	0.00500783	0.00510013	0.00496272
-19.562 0.0807541223705	 0.0260368	0.0256827	0.00649604	0.00369914	0.00368344	0.00501562	0.00510814	0.00497041
-19.561 0.0809808389187	  0.0261287	0.0257727	0.0065075	0.00370409	0.00368836	0.00502343	0.00511618	0.00497812
-19.56 0.0812086211137	 0.026221	0.0258632	0.00651899	0.00370905	0.00369329	0.00503126	0.00512423	0.00498585
-19.559 0.081437476062	   0.0263138	0.0259541	0.00653051	0.00371401	0.00369824	0.0050391	0.0051323	0.00499359
-19.558 0.0816674109313	   0.0264071	0.0260455	0.00654206	0.00371899	0.00370319	0.00504696	0.00514038	0.00500135
-19.557 0.0818984329512	 0.0265009	0.0261374	0.00655365	0.00372398	0.00370815	0.00505484	0.00514849	0.00500913
-19.556 0.0821305494137	 0.0265952	0.0262298	0.00656526	0.00372897	0.00371312	0.00506274	0.00515662	0.00501693
-19.555 0.0823637676738	 0.02669	0.0263227	0.0065769	0.00373398	0.0037181	0.00507066	0.00516476	0.00502475
-19.554 0.0825980951504	  0.0267854	0.0264161	0.00658858	0.003739	0.0037231	0.0050786	0.00517293	0.00503259
-19.553 0.0828335393267	  0.0268812	0.0265099	0.00660029	0.00374402	0.0037281	0.00508655	0.00518111	0.00504044
-19.552 0.0830701077512	 0.0269775	0.0266043	0.00661203	0.00374906	0.00373311	0.00509453	0.00518932	0.00504831
-19.551 0.083307808038	 0.0270744	0.0266992	0.00662379	0.00375411	0.00373813	0.00510252	0.00519754	0.0050562
-19.55 0.083546647868	 0.0271718	0.0267946	0.0066356	0.00375916	0.00374317	0.00511053	0.00520578	0.00506411
-19.549 0.083786634989	  0.0272697	0.0268905	0.00664743	0.00376423	0.00374821	0.00511856	0.00521405	0.00507204
-19.548 0.0840277772169	 0.0273681	0.0269869	0.00665929	0.00376931	0.00375326	0.00512661	0.00522233	0.00507999
-19.547 0.0842700824363	   0.0274671	0.0270838	0.00667119	0.0037744	0.00375832	0.00513468	0.00523063	0.00508795
-19.546 0.0845135586011	 0.0275666	0.0271813	0.00668311	0.00377949	0.0037634	0.00514277	0.00523895	0.00509594
-19.545 0.0847582137355	 0.0276667	0.0272792	0.00669507	0.0037846	0.00376848	0.00515088	0.0052473	0.00510394
-19.544 0.0850040559343	 0.0277673	0.0273777	0.00670707	0.00378972	0.00377357	0.005159	0.00525566	0.00511196
-19.543 0.0852510933642	 0.0278685	0.0274768	0.00671909	0.00379485	0.00377868	0.00516715	0.00526404	0.00512
-19.542 0.0854993342644	     0.0279702	0.0275764	0.00673115	0.00379999	0.00378379	0.00517531	0.00527244	0.00512806
-19.541 0.085748786947	      0.0280724	0.0276765	0.00674323	0.00380514	0.00378892	0.0051835	0.00528086	0.00513614
-19.54 0.0859994597984	 0.0281752	0.0277772	0.00675536	0.0038103	0.00379405	0.0051917	0.00528931	0.00514424
-19.539 0.0862513612798	    0.0282786	0.0278784	0.00676751	0.00381547	0.0037992	0.00519992	0.00529777	0.00515236
-19.538 0.0865044999277	  0.0283826	0.0279802	0.0067797	0.00382065	0.00380436	0.00520816	0.00530625	0.00516049
-19.537 0.0867588843555	 0.0284871	0.0280825	0.00679192	0.00382585	0.00380952	0.00521643	0.00531475	0.00516865
-19.536 0.0870145232535	 0.0285923	0.0281854	0.00680417	0.00383105	0.0038147	0.00522471	0.00532328	0.00517682
-19.535 0.0872714253903	 0.028698	0.0282889	0.00681646	0.00383626	0.00381989	0.00523301	0.00533182	0.00518502
-19.534 0.0875295996135	 0.0288042	0.0283929	0.00682878	0.00384149	0.00382509	0.00524133	0.00534039	0.00519323
-19.533 0.0877890548506	 0.0289111	0.0284975	0.00684113	0.00384672	0.00383029	0.00524967	0.00534897	0.00520147
-19.532 0.0880498001095	  0.0290186	0.0286027	0.00685351	0.00385197	0.00383551	0.00525803	0.00535758	0.00520972
-19.531 0.0883118444802	 0.0291267	0.0287085	0.00686593	0.00385722	0.00384074	0.00526641	0.0053662	0.00521799
-19.53 0.0885751971347	 0.0292353	0.0288148	0.00687839	0.00386249	0.00384599	0.00527481	0.00537485	0.00522628
-19.529 0.0888398673289	  0.0293446	0.0289218	0.00689088	0.00386777	0.00385124	0.00528323	0.00538352	0.0052346
-19.528 0.0891058644027	      0.0294545	0.0290293	0.0069034	0.00387306	0.0038565	0.00529168	0.00539221	0.00524293
-19.527 0.0893731977815	   0.029565	0.0291375	0.00691595	0.00387836	0.00386177	0.00530014	0.00540092	0.00525128
-19.526 0.0896418769768	 0.0296762	0.0292462	0.00692854	0.00388367	0.00386706	0.00530862	0.00540965	0.00525965
-19.525 0.0899119115874	  0.0297879	0.0293556	0.00694117	0.00388899	0.00387235	0.00531712	0.0054184	0.00526804
-19.524 0.0901833113001	 0.0299003	0.0294656	0.00695383	0.00389432	0.00387766	0.00532564	0.00542718	0.00527645
-19.523 0.0904560858911	   0.0300134	0.0295762	0.00696652	0.00389966	0.00388298	0.00533419	0.00543597	0.00528489
-19.522 0.0907302452265	     0.0301271	0.0296874	0.00697925	0.00390502	0.0038883	0.00534275	0.00544479	0.00529334
-19.521 0.0910057992637	         0.0302414	0.0297993	0.00699201	0.00391038	0.00389364	0.00535133	0.00545363	0.00530181
-19.52 0.0912827580524	 0.0303564	0.0299117	0.00700481	0.00391576	0.00389899	0.00535994	0.00546249	0.0053103
-19.519 0.0915611317353	 0.030472	0.0300249	0.00701764	0.00392114	0.00390435	0.00536857	0.00547137	0.00531882
-19.518 0.0918409305495	  0.0305883	0.0301386	0.00703051	0.00392654	0.00390972	0.00537721	0.00548027	0.00532735
-19.517 0.0921221648274	  0.0307053	0.030253	0.00704342	0.00393195	0.00391511	0.00538588	0.0054892	0.00533591
-19.516 0.0924048449979	                       0.0308229	0.0303681	0.00705636	0.00393737	0.0039205	0.00539457	0.00549815	0.00534448
-19.515 0.0926889815873	 0.0309412	0.0304838	0.00706933	0.0039428	0.00392591	0.00540328	0.00550711	0.00535308
-19.514 0.0929745852208	            0.0310602	0.0306002	0.00708234	0.00394825	0.00393132	0.00541201	0.00551611	0.00536169
-19.513 0.093261666623	 0.0311799	0.0307173	0.00709539	0.0039537	0.00393675	0.00542076	0.00552512	0.00537033
-19.512 0.0935502366197	  0.0313003	0.030835	0.00710848	0.00395917	0.00394219	0.00542953	0.00553415	0.00537899
-19.511 0.0938403061385	 0.0314213	0.0309534	0.0071216	0.00396465	0.00394764	0.00543833	0.00554321	0.00538767
-19.51 0.0941318862104	    0.0315431	0.0310725	0.00713475	0.00397013	0.0039531	0.00544714	0.00555229	0.00539637
-19.509 0.0944249879709	    0.0316656	0.0311923	0.00714794	0.00397563	0.00395857	0.00545598	0.00556139	0.00540509
-19.508 0.0947196226608	 0.0317888	0.0313127	0.00716117	0.00398115	0.00396406	0.00546484	0.00557051	0.00541383
-19.507 0.0950158016279	           0.0319127	0.0314339	0.00717444	0.00398667	0.00396955	0.00547372	0.00557966	0.00542259
-19.506 0.0953135363282	  0.0320374	0.0315558	0.00718774	0.0039922	0.00397506	0.00548262	0.00558883	0.00543138
-19.505 0.0956128383269	  0.0321628	0.0316783	0.00720108	0.00399775	0.00398058	0.00549154	0.00559802	0.00544018
-19.504 0.0959137192997	 0.0322889	0.0318016	0.00721446	0.00400331	0.00398611	0.00550049	0.00560723	0.00544901
-19.503 0.0962161910343	 0.0324158	0.0319257	0.00722787	0.00400887	0.00399165	0.00550946	0.00561647	0.00545786
-19.502 0.0965202654315	            0.0325434	0.0320504	0.00724132	0.00401445	0.0039972	0.00551845	0.00562573	0.00546673
-19.501 0.0968259545066	  0.0326717	0.0321759	0.00725481	0.00402005	0.00400277	0.00552746	0.00563501	0.00547562
-19.5 0.0971332703909	 0.0328009	0.0323021	0.00726834	0.00402565	0.00400834	0.00553649	0.00564432	0.00548454
