-20 293.852022247	 0.942239	0.977407	1.25766	1.93152	18.7635	13.4428	21.3266	21.1948	23.8492	45.668	79.3893	32.2618	14.8867	8.50641	4.74081	3.63392	1.07857
-19.999 290.668608903	 0.923251	0.957354	1.22849	1.8764	17.3124	12.5257	19.6049	19.4889	21.8566	41.3625	83.051	35.5386	16.0631	9.03096	4.96212	3.78286	1.10276
-19.998 287.980135733	 0.904828	0.937911	1.20032	1.82359	16.0111	11.6947	18.0661	17.9637	20.0796	37.4779	85.373	39.2032	17.3722	9.60343	5.19895	3.941	1.12778
-19.997 285.47036361	 0.88695	0.919051	1.1731	1.77296	14.8415	10.94	16.6878	16.5974	18.492	33.9965	86.1052	43.2796	18.8325	10.2296	5.45276	4.1091	1.15365
-19.996 282.979415125	 0.869595	0.900753	1.14679	1.7244	13.7879	10.2529	15.4505	15.3706	17.071	30.8891	85.1644	47.7765	20.4648	10.9159	5.72515	4.28799	1.18041
-19.995 280.520908176	 0.852742	0.882994	1.12136	1.6778	12.8364	9.626	14.3371	14.2665	15.796	28.1219	82.6572	52.6767	22.293	11.6698	6.01794	4.4786	1.20812
-19.994 278.242120908	 0.836374	0.865753	1.09675	1.63305	11.975	9.05278	13.333	13.2704	14.6496	25.6597	78.8505	57.9226	24.344	12.5	6.33316	4.68195	1.23681
-19.993 276.342459232	  0.82047	0.849011	1.07295	1.59005	11.1934	8.5275	12.425	12.3696	13.6162	23.4685	74.1061	63.4001	26.6477	13.4164	6.67309	4.89919	1.26653
-19.992 274.982178548	 0.805015	0.832749	1.04991	1.54872	10.4826	8.04516	11.6022	11.553	12.6825	21.5166	68.8042	68.9226	29.2368	14.4302	7.04029	5.13157	1.29732
-19.991 274.213198321	 0.78999	0.816947	1.0276	1.50897	9.83461	7.60137	10.8548	10.8111	11.8368	19.7755	63.2843	74.2228	32.1458	15.5545	7.43766	5.38051	1.32925
-19.99 273.952324799	 0.775382	0.80159	1.00599	1.47073	9.24262	7.19225	10.1742	10.1354	11.0691	18.2196	57.8125	78.9601	35.4093	16.8044	7.86846	5.64757	1.36236
-19.989 274.003166297	 0.761174	0.786661	0.985049	1.43391	8.70061	6.8144	9.55318	9.5187	10.3704	16.8262	52.5742	82.7537	39.0594	18.1971	8.3364	5.9345	1.39672
-19.988 274.119496644	 0.747351	0.772143	0.964756	1.39845	8.20333	6.4648	8.98522	8.95453	9.7333	15.5757	47.6825	85.2426	43.1203	19.7525	8.84569	6.24327	1.43239
-19.987 274.088857658	 0.733901	0.758023	0.945081	1.36428	7.74615	6.14078	8.46469	8.43736	9.15092	14.4507	43.1942	86.1613	47.6012	21.493	9.40112	6.57609	1.46943
-19.986 273.80400371	 0.720809	0.744285	0.926001	1.33135	7.32504	5.83996	7.98666	7.96229	8.61746	13.4362	39.1262	85.4057	52.4856	23.4442	10.0081	6.93544	1.50792
-19.985 273.290540436	  0.708064	0.730916	0.90749	1.29958	6.93639	5.56023	7.54677	7.52504	8.12779	12.5192	35.4695	83.0616	57.7173	25.6348	10.673	7.32412	1.54793
-19.984 272.677339497	 0.695653	0.717904	0.889527	1.26893	6.57707	5.29971	7.14121	7.12181	7.67741	11.6884	32.1999	79.3813	63.1839	28.0963	11.4028	7.74528	1.58954
-19.983 272.123922652	 0.683565	0.705235	0.872091	1.23935	6.24427	5.05672	6.7666	6.74927	7.26237	10.9338	29.2854	74.7197	68.701	30.8627	12.2059	8.2025	1.63285
-19.982 271.738937636	 0.671788	0.692897	0.85516	1.21078	5.93551	4.82974	6.41996	6.40447	6.87918	10.2469	26.6914	69.4588	74.0036	33.9689	13.0914	8.69985	1.67793
-19.981 271.525533717	 0.660312	0.68088	0.838717	1.18319	5.64859	4.61744	6.09864	6.0848	6.52474	9.62013	24.3833	63.945	78.7531	37.4487	14.0704	9.24195	1.7249
-19.98 271.375602646	  0.649127	0.669172	0.822741	1.15653	5.38154	4.4186	5.8003	5.78793	6.19634	9.04707	22.3284	58.4536	82.5696	41.3308	15.1552	9.83405	1.77385
-19.979 271.114000923	 0.638224	0.657762	0.807216	1.13075	5.13261	4.23212	5.52286	5.5118	5.89155	8.52196	20.4967	53.1788	85.0912	45.6324	16.3602	10.4822	1.8249
-19.978 270.57278601	 0.627592	0.646641	0.792126	1.10582	4.90022	4.05701	5.26444	5.25456	5.60821	8.03979	18.8614	48.2413	86.0494	50.3503	17.7018	11.1932	1.87817
-19.977 269.660735882	 0.617222	0.635799	0.777453	1.0817	4.68299	3.89239	5.02339	5.01456	5.34439	7.59616	17.3985	43.7034	85.3359	55.4484	19.1989	11.975	1.93379
-19.976 268.393630024	 0.607108	0.625227	0.763183	1.05836	4.47963	3.73744	4.79821	4.79033	5.0984	7.18721	16.0869	39.5858	83.0317	60.8417	20.8731	12.8366	1.9919
-19.975 266.870057379	  0.597239	0.614916	0.749301	1.03577	4.28901	3.59144	4.58758	4.58055	4.86868	6.80952	14.9085	35.8815	79.3852	66.3801	22.749	13.7885	2.05264
-19.974 265.206775654	 0.587608	0.604857	0.735794	1.01389	4.11011	3.45371	4.39027	4.38401	4.65386	6.46007	13.847	32.5679	74.7492	71.835	24.854	14.8426	2.11618
-19.973 263.46888699	 0.578208	0.595043	0.722648	0.99269	3.94201	3.32366	4.20522	4.19965	4.45271	6.13619	12.8887	29.6134	69.5055	76.8983	27.2188	16.0127	2.18269
-19.972 261.631525719	 0.569031	0.585465	0.709849	0.972147	3.78386	3.20072	4.03144	4.0265	4.26411	5.83552	12.0215	26.9836	64.0014	81.2022	29.8766	17.3146	2.25236
-19.971 259.593228685	 0.560071	0.576115	0.697387	0.952234	3.6349	3.08441	3.86806	3.86368	4.08705	5.55593	11.2347	24.6436	58.5138	84.3664	32.8622	18.7665	2.32539
-19.97 257.236187922	 0.55132	0.566988	0.68525	0.932924	3.49445	2.97424	3.71426	3.71039	3.92063	5.29554	10.5193	22.5606	53.2387	86.0694	36.2103	20.3892	2.40198
-19.969 254.505520835	 0.542772	0.558075	0.673425	0.914193	3.36189	2.86981	3.56934	3.56593	3.76402	5.05268	9.86735	20.7041	48.2982	86.1224	39.9516	22.2065	2.48239
-19.968 251.4688609	 0.534421	0.54937	0.661904	0.896019	3.23663	2.77073	3.43262	3.42963	3.61648	4.82584	9.27185	19.047	43.7558	84.5195	44.1084	24.245	2.56686
-19.967 248.326415759	 0.526261	0.540867	0.650675	0.87838	3.11816	2.67664	3.30351	3.3009	3.47733	4.61366	8.72675	17.5649	39.633	81.4388	48.6856	26.5345	2.65567
-19.966 245.366575697	 0.518286	0.53256	0.639728	0.861256	3.006	2.58721	3.18146	3.17919	3.34595	4.41493	8.22673	16.2366	35.9235	77.1957	53.66	29.1077	2.74912
-19.965 242.887280124	 0.510491	0.524442	0.629055	0.844625	2.89972	2.50215	3.06597	3.06402	3.22179	4.22856	7.76714	15.0433	32.6047	72.1688	58.9653	31.9989	2.84753
-19.964 241.113469481	 0.502869	0.516508	0.618646	0.82847	2.79891	2.42118	2.95658	2.95492	3.10434	4.05356	7.34387	13.9688	29.6455	66.7287	64.4755	35.2431	2.95125
-19.963 240.134836506	 0.495417	0.508752	0.608493	0.812773	2.70322	2.34404	2.85289	2.85148	2.99312	3.88904	6.95331	12.999	27.0114	61.1879	69.9898	38.8727	3.06068
-19.962 239.876068961	 0.488129	0.50117	0.598587	0.797516	2.6123	2.27049	2.7545	2.75332	2.8877	3.73419	6.59227	12.1216	24.6677	55.7803	75.2265	42.913	3.17622
-19.961 240.103022523	 0.481001	0.493755	0.588921	0.782684	2.52585	2.20033	2.66106	2.6601	2.78769	3.58829	6.25794	11.3258	22.5813	50.6605	79.8341	47.3746	3.29835
-19.96 240.463296876	 0.474027	0.486503	0.579486	0.768261	2.44358	2.13334	2.57224	2.57148	2.69274	3.45065	5.94782	10.6024	20.722	45.9171	83.4298	52.2436	3.42755
-19.959 240.553350696	 0.467203	0.47941	0.570276	0.754231	2.36523	2.06934	2.48776	2.48718	2.60251	3.32068	5.65967	9.94332	19.0623	41.5889	85.663	57.4672	3.56438
-19.958 239.994057141	 0.460526	0.47247	0.561283	0.740581	2.29056	2.00816	2.40734	2.40691	2.5167	3.19783	5.39152	9.34145	17.578	37.6808	86.292	62.9376	3.70945
-19.957 238.488465377	 0.45399	0.46568	0.5525	0.727298	2.21933	1.94963	2.33072	2.33044	2.43502	3.0816	5.14159	8.79066	16.2478	34.1764	85.2454	68.4762	3.86341
-19.956 235.84051294	 0.447593	0.459035	0.543922	0.714367	2.15135	1.8936	2.25767	2.25752	2.35722	2.97151	4.90832	8.28553	15.0529	31.0477	82.6413	73.8233	4.027
-19.955 231.934818688	 0.441329	0.452531	0.535542	0.701778	2.08643	1.83994	2.18797	2.18794	2.28306	2.86715	4.69028	7.82135	13.977	28.261	78.7555	78.6442	4.20101
-19.954 226.702394151	 0.435196	0.446163	0.527353	0.689518	2.02437	1.78851	2.12142	2.12151	2.21231	2.76814	4.48619	7.39394	13.006	25.7813	73.954	82.5594	4.38635
-19.953 220.104833298	 0.429189	0.439929	0.519351	0.677575	1.96502	1.73919	2.05784	2.05803	2.14478	2.67412	4.29492	6.99965	12.1274	23.5747	68.6167	85.2017	4.58398
-19.952 212.152335493	 0.423306	0.433825	0.511529	0.665939	1.90823	1.69188	1.99705	1.99734	2.08026	2.58476	4.11542	6.63524	11.3307	21.6093	63.0801	86.2917	4.79501
-19.951 202.941848392	 0.417543	0.427847	0.503882	0.6546	1.85384	1.64645	1.9389	1.93927	2.01859	2.49976	3.94678	6.29785	10.6066	19.8563	57.6057	85.7066	5.02063
-19.95 192.683863958	 0.411896	0.421991	0.496405	0.643547	1.80173	1.60282	1.88323	1.88368	1.95961	2.41885	3.78814	5.98495	9.94677	18.29	52.3744	83.5129	5.2622
-19.949 181.693429145	 0.406363	0.416254	0.489092	0.632771	1.75177	1.56089	1.82991	1.83043	1.90315	2.34177	3.63874	5.69427	9.3443	16.8877	47.4956	79.9484	5.52122
-19.948 170.345152894	 0.400941	0.410633	0.48194	0.622263	1.70385	1.52058	1.7788	1.77939	1.84908	2.26828	3.49788	5.42381	8.79298	15.6294	43.0233	75.362	5.79936
-19.947 159.012877883	 0.395626	0.405126	0.474943	0.612013	1.65786	1.48179	1.72979	1.73044	1.79726	2.19817	3.36495	5.17178	8.2874	14.4976	38.9723	70.1366	6.0985
-19.946 148.018420922	 0.390416	0.399728	0.468098	0.602015	1.61369	1.44447	1.68277	1.68348	1.74758	2.13124	3.23935	4.93657	7.82282	13.4772	35.3324	64.6251	6.42075
-19.945 137.603145438	 0.385309	0.394437	0.461399	0.592259	1.57125	1.40853	1.63763	1.63838	1.69992	2.06729	3.12057	4.71676	7.39507	12.5551	32.0786	59.1114	6.76846
-19.944 127.922743595	 0.3803	0.38925	0.454842	0.582737	1.53046	1.37391	1.59426	1.59507	1.65417	2.00615	3.00814	4.51105	7.00049	11.7198	29.1787	53.7984	7.14431
-19.943 119.057766416	 0.375389	0.384165	0.448424	0.573443	1.49122	1.34054	1.55259	1.55343	1.61023	1.94767	2.9016	4.31828	6.63582	10.9613	26.5978	48.8138	7.5513
-19.942 111.031162525	 0.370572	0.379179	0.442141	0.564369	1.45347	1.30837	1.51252	1.5134	1.56801	1.89169	2.80056	4.1374	6.2982	10.271	24.3014	44.2253	7.99284
-19.941 103.826437011	                   0.365847	0.374289	0.435989	0.555509	1.41712	1.27733	1.47397	1.47489	1.52742	1.83807	2.70466	3.96749	5.9851	9.6413	22.2567	40.0572	8.47278
-19.94 97.4030864129	 0.361211	0.369493	0.429964	0.546854	1.38212	1.24739	1.43687	1.43782	1.48837	1.78669	2.61354	3.80767	5.69425	9.06562	20.4341	36.3049	8.99551
-19.939 91.708249754	 0.356663	0.364788	0.424063	0.538401	1.34838	1.21847	1.40115	1.40212	1.4508	1.73741	2.52691	3.65718	5.42364	8.53821	18.8066	32.9467	9.56602
-19.938 86.6847805551	 0.352201	0.360173	0.418282	0.530141	1.31586	1.19055	1.36673	1.36773	1.41462	1.69013	2.44448	3.51532	5.17148	8.05402	17.3505	29.9518	10.19
-19.937 82.2764491142	 0.347821	0.355644	0.412619	0.522069	1.2845	1.16357	1.33356	1.33459	1.37977	1.64475	2.36598	3.38145	4.93616	7.60861	16.0449	27.2857	10.874
-19.936 78.4310604159	 0.343523	0.3512	0.407069	0.51418	1.25424	1.1375	1.30158	1.30262	1.34619	1.60116	2.29117	3.25498	4.71625	7.19809	14.8716	24.9134	11.6255
-19.935 75.1021625152	  0.339303	0.346839	0.401631	0.506469	1.22504	1.11229	1.27073	1.27179	1.31381	1.55926	2.21982	3.1354	4.51046	6.81901	13.8147	22.8019	12.453
-19.934 72.2498588636	 0.335161	0.342559	0.396301	0.498929	1.19683	1.0879	1.24096	1.24203	1.28258	1.51898	2.15172	3.02221	4.31762	6.46833	12.8604	20.9203	13.3663
-19.933 69.8410871929	 0.331094	0.338357	0.391075	0.491556	1.16959	1.0643	1.21222	1.21331	1.25244	1.48024	2.08669	2.91496	4.13668	6.14337	11.9965	19.2411	14.3769
-19.932 67.8496073665	 0.3271	0.334232	0.385953	0.484345	1.14326	1.04146	1.18446	1.18556	1.22335	1.44294	2.02453	2.81327	3.96671	5.84172	11.2128	17.7395	15.4977
-19.931 66.2558519494	0.323179	0.330182	0.38093	0.477291	1.11781	1.01935	1.15763	1.15875	1.19526	1.40704	1.9651	2.71675	3.80685	5.56127	10.5	16.394	16.7437
-19.93 65.0467298886	 0.319327	0.326204	0.376005	0.47039	1.09319	0.997927	1.13171	1.13283	1.16812	1.37244	1.90822	2.62506	3.65633	5.30012	9.85033	15.1856	18.1322
-19.929 64.2154276629	 0.315544	0.322299	0.371174	0.463637	1.06937	0.977172	1.10664	1.10777	1.14189	1.33911	1.85376	2.5379	3.51443	5.05658	9.25685	14.0978	19.6828
-19.928 63.7612159106	 0.311827	0.318463	0.366436	0.457028	1.04632	0.957055	1.0824	1.08353	1.11653	1.30696	1.80158	2.45496	3.38053	4.82913	8.71352	13.1162	21.418
-19.927 63.6892358433	   0.308176	0.314694	0.361788	0.45056	1.02401	0.937551	1.05894	1.06007	1.092	1.27596	1.75156	2.37598	3.25404	4.61641	8.21506	12.2283	23.3634
-19.926 64.0102019591	 0.304588	0.310993	0.357228	0.444227	1.0024	0.918635	1.03623	1.03737	1.06827	1.24604	1.70358	2.30073	3.13444	4.4172	7.75684	11.4232	25.5475
-19.925 64.7399087328	 0.301063	0.307356	0.352753	0.438027	0.981463	0.900284	1.01424	1.01538	1.0453	1.21715	1.65753	2.22896	3.02123	4.2304	7.33479	10.6916	28.0017
-19.924 65.8983618033	 0.297598	0.303782	0.348361	0.431956	0.961173	0.882475	0.992936	0.994081	1.02306	1.18926	1.61331	2.16047	2.91398	4.05501	6.94531	10.0251	30.7598
-19.923 67.5082618933	 0.294193	0.300271	0.344051	0.426009	0.941504	0.865188	0.972298	0.973444	1.00152	1.16231	1.57083	2.09506	2.81228	3.89015	6.58523	9.41663	33.8566
-19.922 69.5924490274	 0.290846	0.29682	0.339821	0.420185	0.92243	0.848403	0.952294	0.95344	0.980654	1.13625	1.53	2.03256	2.71575	3.73499	6.25175	8.85991	37.3256
-19.921 72.169773274	 0.287555	0.293428	0.335667	0.414479	0.903928	0.832099	0.932899	0.934044	0.960428	1.11107	1.49072	1.97279	2.62406	3.58881	5.94237	8.34947	41.1952
-19.92 75.2487301422	 0.28432	0.290093	0.33159	0.408888	0.885975	0.81626	0.914089	0.915232	0.940819	1.0867	1.45293	1.9156	2.53689	3.45092	5.6549	7.88049	45.4823
-19.919 78.8181700657	 0.281139	0.286815	0.327586	0.403409	0.86855	0.800867	0.89584	0.896981	0.921802	1.06313	1.41656	1.86084	2.45395	3.32074	5.38734	7.44876	50.1831
-19.918 82.8346353896	 0.278012	0.283593	0.323654	0.39804	0.851633	0.785904	0.87813	0.879269	0.903354	1.04031	1.38152	1.80839	2.37498	3.19769	5.13795	7.05056	55.2609
-19.917 87.2066779	 0.274936	0.280424	0.319793	0.392777	0.835203	0.771356	0.860938	0.862074	0.885453	1.01822	1.34776	1.7581	2.29972	3.08127	4.90516	6.6826	60.6302
-19.916 91.7782044531	  0.27191	0.277308	0.316	0.387617	0.819243	0.757206	0.844245	0.845377	0.868077	0.996817	1.31522	1.70987	2.22796	2.97103	4.68754	6.34198	66.1401
-19.915 96.315633129	 0.268935	0.274244	0.312274	0.382559	0.803735	0.743442	0.828031	0.82916	0.851205	0.976082	1.28384	1.66359	2.15947	2.86653	4.48384	6.02614	71.5618
-19.914 100.506813964	 0.266008	0.27123	0.308613	0.377598	0.788661	0.730048	0.812279	0.813403	0.83482	0.955985	1.25356	1.61914	2.09407	2.7674	4.2929	5.73278	76.5876
-19.913 103.981246355	 0.263128	0.268265	0.305017	0.372734	0.774007	0.717012	0.79697	0.798089	0.818901	0.9365	1.22434	1.57645	2.03157	2.67326	4.11372	5.45987	80.8507
-19.912 106.35775574	 0.260295	0.265349	0.301483	0.367962	0.759755	0.704321	0.782089	0.783203	0.803432	0.917602	1.19612	1.53541	1.97181	2.5838	3.94535	5.2056	83.9734
-19.911 107.315105105	 0.257508	0.26248	0.29801	0.363282	0.745893	0.691963	0.767619	0.768728	0.788396	0.899269	1.16886	1.49594	1.91463	2.49871	3.78696	4.96833	85.6378
-19.91 106.665962215	  0.254764	0.259657	0.294596	0.35869	0.732406	0.679927	0.753546	0.754649	0.773777	0.881478	1.14252	1.45797	1.85988	2.41772	3.63778	4.74663	85.6592
-19.909 104.4052845	 0.252065	0.25688	0.291241	0.354184	0.71928	0.668201	0.739856	0.740953	0.759559	0.864209	1.11705	1.42142	1.80743	2.34057	3.49713	4.53917	84.0354
-19.908 100.710958004	 0.249408	0.254147	0.287942	0.349763	0.706503	0.656775	0.726534	0.727625	0.745729	0.84744	1.09242	1.38621	1.75715	2.26702	3.36437	4.3448	80.9464
-19.907 95.8963692715	                               0.246793	0.251457	0.2847	0.345424	0.694062	0.645639	0.713568	0.714653	0.732272	0.831153	1.0686	1.35229	1.70893	2.19685	3.23894	4.16244	76.7079
-19.906 90.3366617204	 0.244218	0.24881	0.281512	0.341165	0.681947	0.634784	0.700945	0.702024	0.719175	0.815329	1.04554	1.3196	1.66265	2.12986	3.12031	3.99115	71.6969
-19.905 84.3976697841	 0.241684	0.246204	0.278376	0.336984	0.670145	0.624199	0.688653	0.689725	0.706425	0.799952	1.02322	1.28807	1.61822	2.06587	3.008	3.83007	66.2811
-19.904 78.3874725256	 0.239189	0.243638	0.275293	0.33288	0.658646	0.613876	0.676681	0.677746	0.694011	0.785004	1.0016	1.25765	1.57553	2.00469	2.90158	3.6784	60.7703
-19.903 72.5354495826	 0.236732	0.241113	0.272261	0.32885	0.64744	0.603806	0.665017	0.666076	0.68192	0.770471	0.980663	1.22829	1.5345	1.94618	2.80065	3.53544	55.3953
-19.902 66.9928549069	 0.234313	0.238627	0.269279	0.324893	0.636516	0.593982	0.653652	0.654704	0.670141	0.756336	0.960369	1.19994	1.49505	1.89017	2.70484	3.40055	50.3088
-19.901 61.8453836763	 0.231931	0.236179	0.266345	0.321006	0.625866	0.584395	0.642575	0.643619	0.658665	0.742585	0.940696	1.17256	1.45708	1.83652	2.61382	3.27313	45.5977
-19.9 57.1297039118	  0.229585	0.233768	0.263459	0.317189	0.615481	0.575038	0.631777	0.632814	0.647479	0.729205	0.921619	1.1461	1.42054	1.78512	2.52727	3.15266	41.2999
-19.899 52.8490873472	 0.227275	0.231394	0.26062	0.313439	0.605351	0.565903	0.621247	0.622277	0.636576	0.716182	0.903115	1.12052	1.38535	1.73582	2.44491	3.03864	37.4197
-19.898 48.9860320857	 0.224999	0.229056	0.257826	0.309756	0.595469	0.556984	0.610979	0.612001	0.625945	0.703505	0.885161	1.09579	1.35144	1.68853	2.36647	2.93063	33.9408
-19.897 45.5114902676	 0.222757	0.226753	0.255077	0.306137	0.585826	0.548273	0.600962	0.601977	0.615578	0.69116	0.867735	1.07186	1.31876	1.64313	2.29171	2.82821	30.8348
-19.896 42.3911319305	 0.220548	0.224485	0.252371	0.302581	0.576416	0.539765	0.591189	0.592196	0.605465	0.679136	0.850817	1.04871	1.28724	1.59953	2.22041	2.73101	28.0685
-19.895 39.5893300613	 0.218372	0.222251	0.249709	0.299086	0.567229	0.531453	0.581652	0.582652	0.595599	0.667422	0.834388	1.02629	1.25683	1.55763	2.15236	2.63869	25.607
-19.894 37.0715271686	  0.216228	0.22005	0.247088	0.295652	0.55826	0.523331	0.572343	0.573335	0.585972	0.656009	0.818428	1.00458	1.22748	1.51735	2.08737	2.55092	23.4164
-19.893 34.80551656	   0.214115	0.217881	0.244508	0.292276	0.549502	0.515393	0.563256	0.56424	0.576576	0.644885	0.80292	0.983555	1.19915	1.47859	2.02525	2.46742	21.4653
-19.892 32.762029991	  0.212033	0.215744	0.241968	0.288958	0.540947	0.507635	0.554382	0.55536	0.567404	0.63404	0.787848	0.963178	1.17178	1.4413	1.96585	2.38791	19.725
-19.891 30.9149025354	 0.209982	0.213638	0.239468	0.285696	0.532591	0.50005	0.545717	0.546687	0.558448	0.623467	0.773195	0.943425	1.14533	1.40539	1.909	2.31216	18.1699
-19.89 29.2409939734	 0.20796	0.211564	0.237006	0.282488	0.524426	0.492633	0.537252	0.538215	0.549702	0.613155	0.758946	0.924271	1.11976	1.37081	1.85456	2.23992	16.7776
-19.889 27.7199812027	 0.205967	0.209519	0.234582	0.279335	0.516447	0.48538	0.528983	0.529938	0.541159	0.603096	0.745086	0.905693	1.09504	1.33747	1.8024	2.17098	15.5282
-19.888 26.3340923338	  0.204002	0.207503	0.232195	0.276234	0.508649	0.478285	0.520903	0.52185	0.532814	0.593282	0.731601	0.887667	1.07112	1.30533	1.7524	2.10516	14.4044
-19.887 25.0678244357	 0.202066	0.205517	0.229844	0.273184	0.501026	0.471345	0.513006	0.513945	0.52466	0.583705	0.718478	0.870173	1.04798	1.27433	1.70444	2.04226	13.3911
-19.886 23.9076686001	 0.200157	0.203559	0.227529	0.270184	0.493572	0.464555	0.505287	0.506219	0.516691	0.574358	0.705704	0.853189	1.02557	1.24442	1.65841	1.98211	12.4754
-19.885 22.8418546336	 0.198275	0.201628	0.225248	0.267234	0.486283	0.457909	0.49774	0.498665	0.508903	0.565233	0.693266	0.836696	1.00387	1.21554	1.6142	1.92457	11.6459
-19.884 21.8601208091	 0.196419	0.199725	0.223002	0.264331	0.479154	0.451406	0.490361	0.491278	0.501288	0.556323	0.681154	0.820675	0.982855	1.18765	1.57173	1.86948	10.8926
-19.883 20.9535101006	 0.194589	0.197849	0.220788	0.261476	0.472181	0.445039	0.483145	0.484055	0.493843	0.547622	0.669356	0.805108	0.962487	1.16071	1.53091	1.8167	10.2069
-19.882 20.1141920925	 0.192784	0.195999	0.218608	0.258666	0.465358	0.438806	0.476087	0.476989	0.486563	0.539123	0.657861	0.789979	0.942743	1.13467	1.49164	1.76611	9.58147
-19.881 19.3353086196	 0.191005	0.194175	0.21646	0.255901	0.458682	0.432703	0.469181	0.470076	0.479441	0.53082	0.646658	0.775271	0.923599	1.10949	1.45386	1.71759	9.00966
-19.88 18.6108407069	 0.18925	0.192377	0.214343	0.253181	0.452148	0.426726	0.462425	0.463312	0.472475	0.522707	0.635739	0.760969	0.90503	1.08514	1.41749	1.67103	8.48577
-19.879 17.9354942665	 0.187519	0.190603	0.212257	0.250504	0.445753	0.420872	0.455813	0.456693	0.465659	0.514778	0.625093	0.747057	0.887013	1.06157	1.38245	1.62633	8.00479
-19.878 17.304602107	 0.185812	0.188853	0.210202	0.247868	0.439492	0.415137	0.449342	0.450215	0.45899	0.507028	0.614712	0.733523	0.869527	1.03877	1.3487	1.58338	7.56231
-19.877 16.7140400064	 0.184128	0.187128	0.208176	0.245274	0.433362	0.409519	0.443008	0.443873	0.452462	0.499451	0.604587	0.720352	0.852552	1.01668	1.31616	1.54211	7.15448
-19.876 16.1601548422	 0.182466	0.185426	0.206179	0.242721	0.427359	0.404014	0.436806	0.437664	0.446072	0.492042	0.594709	0.707532	0.836067	0.995296	1.28478	1.50242	6.77787
-19.875 15.6397030191	       0.180828	0.183747	0.204211	0.240207	0.42148	0.398619	0.430733	0.431585	0.439817	0.484797	0.585071	0.69505	0.820055	0.974573	1.2545	1.46423	6.42947
-19.874 15.1497976719	 0.179211	0.182091	0.202271	0.237732	0.415721	0.393331	0.424786	0.42563	0.433692	0.477711	0.575664	0.682895	0.804496	0.954489	1.22527	1.42747	6.1066
-19.873 14.6878633377	 0.177615	0.180457	0.200358	0.235295	0.410079	0.388147	0.418961	0.419798	0.427694	0.470778	0.566483	0.671055	0.789375	0.935016	1.19705	1.39208	5.80689
-19.872 14.2515969818	 0.176041	0.178845	0.198472	0.232896	0.404551	0.383065	0.413255	0.414085	0.421819	0.463995	0.557518	0.65952	0.774675	0.916131	1.16979	1.35797	5.52823
-19.871 13.8389344315	 0.174488	0.177254	0.196613	0.230532	0.399134	0.378082	0.407665	0.408488	0.416065	0.457357	0.548765	0.648278	0.76038	0.897811	1.14345	1.3251	5.26874
-19.87 13.4480214132	 0.172955	0.175685	0.19478	0.228205	0.393825	0.373196	0.402187	0.403003	0.410427	0.45086	0.540215	0.637321	0.746477	0.880033	1.11798	1.2934	5.02674
-19.869 13.0771885146	 0.171442	0.174136	0.192972	0.225913	0.388621	0.368403	0.396818	0.397628	0.404903	0.444501	0.531864	0.626639	0.73295	0.862776	1.09335	1.26282	4.80072
-19.868 12.724929495	   0.169949	0.172608	0.191189	0.223655	0.383519	0.363702	0.391556	0.392359	0.399489	0.438275	0.523704	0.616223	0.719787	0.84602	1.06952	1.23331	4.58933
-19.867 12.3898824592	 0.168475	0.171099	0.189431	0.22143	0.378517	0.359091	0.386398	0.387194	0.394183	0.432179	0.51573	0.606063	0.706974	0.829746	1.04646	1.20481	4.39137
-19.866 12.0708134814	 0.167021	0.169611	0.187697	0.219239	0.373612	0.354566	0.381341	0.382131	0.388982	0.426208	0.507937	0.596152	0.694499	0.813936	1.02413	1.17729	4.20573
-19.865 11.7666023307	 0.165585	0.168141	0.185987	0.21708	0.368801	0.350126	0.376383	0.377166	0.383883	0.420361	0.500318	0.586482	0.682351	0.798572	1.00251	1.15069	4.03143
-19.864 11.4762300028	 0.164167	0.166691	0.1843	0.214952	0.364083	0.345769	0.37152	0.372296	0.378883	0.414633	0.49287	0.577045	0.670518	0.783637	0.981561	1.12498	3.86758
-19.863 11.1987678056	 0.162768	0.165259	0.182636	0.212856	0.359455	0.341493	0.366751	0.367521	0.373981	0.409021	0.485586	0.567833	0.658989	0.769117	0.961262	1.10012	3.71338
-19.862 10.9333677859	  0.161386	0.163846	0.180994	0.21079	0.354914	0.337296	0.362073	0.362837	0.369173	0.403522	0.478462	0.558839	0.647754	0.754995	0.941583	1.07607	3.56809
-19.861 10.6792543148	 0.160023	0.162451	0.179374	0.208754	0.350458	0.333175	0.357484	0.358241	0.364456	0.398132	0.471493	0.550057	0.636804	0.741257	0.922501	1.0528	3.43105
-19.86 10.4357166761	 0.158676	0.161073	0.177776	0.206748	0.346086	0.329129	0.352982	0.353732	0.35983	0.39285	0.464676	0.54148	0.626128	0.72789	0.90399	1.03028	3.30166
-19.859 10.2021025254	 0.157346	0.159713	0.176199	0.20477	0.341795	0.325157	0.348563	0.349308	0.355291	0.387673	0.458005	0.533102	0.615718	0.714881	0.88603	1.00846	3.17935
-19.858 9.97781210676	 0.156033	0.15837	0.174643	0.202821	0.337584	0.321256	0.344228	0.344966	0.350837	0.382596	0.451476	0.524916	0.605565	0.702216	0.868597	0.987328	3.06364
-19.857 9.76229312734	 0.154736	0.157044	0.173108	0.200899	0.333449	0.317424	0.339972	0.340704	0.346466	0.377619	0.445086	0.516917	0.59566	0.689883	0.851673	0.966851	2.95406
-19.856 9.55503620874	 0.153455	0.155735	0.171592	0.199004	0.32939	0.313661	0.335795	0.336521	0.342177	0.372738	0.43883	0.509099	0.585996	0.677872	0.835236	0.947002	2.8502
-19.855 9.35557084103	 0.15219	0.154442	0.170097	0.197136	0.325404	0.309964	0.331694	0.332414	0.337966	0.367951	0.432705	0.501456	0.576564	0.666172	0.81927	0.927756	2.75165
-19.854 9.16346177788	 0.150941	0.153165	0.16862	0.195294	0.321491	0.306332	0.327668	0.328382	0.333833	0.363256	0.426707	0.493985	0.567358	0.65477	0.803755	0.909089	2.65808
-19.853 8.97830581877	 0.149707	0.151903	0.167164	0.193478	0.317647	0.302763	0.323715	0.324423	0.329774	0.358649	0.420832	0.486678	0.55837	0.643659	0.788676	0.890978	2.56915
-19.852 8.79972893171	 0.148488	0.150657	0.165725	0.191687	0.313872	0.299257	0.319832	0.320535	0.32579	0.35413	0.415078	0.479533	0.549594	0.632827	0.774016	0.8734	2.48457
-19.851 8.62738367598	  0.147283	0.149427	0.164306	0.189921	0.310164	0.295811	0.316019	0.316716	0.321877	0.349695	0.409441	0.472543	0.541022	0.622265	0.75976	0.856336	2.40406
-19.85 8.46094688958	 0.146094	0.148211	0.162904	0.188179	0.306521	0.292423	0.312274	0.312965	0.318034	0.345343	0.403918	0.465704	0.532649	0.611965	0.745893	0.839766	2.32736
-19.849 8.30011761094	 0.144919	0.14701	0.16152	0.186461	0.302941	0.289094	0.308595	0.30928	0.314259	0.341072	0.398506	0.459013	0.524469	0.601918	0.732401	0.823671	2.25425
-19.848 8.14461520802	 0.143758	0.145824	0.160154	0.184766	0.299424	0.285821	0.30498	0.30566	0.310551	0.336879	0.393202	0.452465	0.516475	0.592116	0.719271	0.808032	2.1845
-19.847 7.99417769146	 0.14261	0.144652	0.158805	0.183094	0.295968	0.282604	0.301429	0.302103	0.306908	0.332763	0.388002	0.446056	0.508662	0.582551	0.70649	0.792833	2.11791
-19.846 7.84856019137	 0.141477	0.143494	0.157473	0.181445	0.292571	0.27944	0.297939	0.298607	0.303329	0.328722	0.382905	0.439781	0.501025	0.573216	0.694045	0.778058	2.05429
-19.845 7.70753357968	 0.140357	0.14235	0.156158	0.179818	0.289232	0.276329	0.294509	0.295172	0.299812	0.324754	0.377908	0.433638	0.493558	0.564102	0.681926	0.763691	1.99348
-19.844 7.57088322247	 0.13925	0.141219	0.154859	0.178213	0.28595	0.27327	0.291138	0.291796	0.296356	0.320858	0.373008	0.427623	0.486257	0.555204	0.67012	0.749717	1.93531
-19.843 7.43840784817	 0.138156	0.140102	0.153576	0.176629	0.282724	0.270261	0.287825	0.288477	0.292959	0.317031	0.368202	0.421731	0.479116	0.546514	0.658618	0.736122	1.87963
-19.842 7.3099185197	 0.137075	0.138998	0.152309	0.175066	0.279552	0.267302	0.284567	0.285214	0.28962	0.313272	0.363488	0.41596	0.472131	0.538026	0.647409	0.722893	1.8263
-19.841 7.18523769934	 0.136007	0.137907	0.151058	0.173524	0.276432	0.264391	0.281365	0.282007	0.286338	0.309579	0.358864	0.410307	0.465297	0.529734	0.636483	0.710016	1.77519
-19.84 7.06419839719	 0.134951	0.136829	0.149822	0.172002	0.273365	0.261527	0.278216	0.278853	0.283111	0.305951	0.354328	0.404768	0.458611	0.521632	0.62583	0.697479	1.72618
-19.839 6.94664339446	 0.133907	0.135764	0.148601	0.1705	0.270349	0.258709	0.27512	0.275752	0.279939	0.302387	0.349877	0.399341	0.452067	0.513714	0.615442	0.68527	1.67917
-19.838 6.83242453423	 0.132875	0.134711	0.147395	0.169018	0.267382	0.255937	0.272076	0.272702	0.276819	0.298884	0.34551	0.394021	0.445662	0.505975	0.60531	0.673378	1.63403
-19.837 6.72140207294	  0.131856	0.13367	0.146204	0.167555	0.264463	0.253209	0.269081	0.269702	0.273752	0.295442	0.341223	0.388807	0.439392	0.498408	0.595425	0.661793	1.59068
-19.836 6.61344408669	 0.130847	0.132641	0.145027	0.16611	0.261592	0.250524	0.266136	0.266752	0.270734	0.292059	0.337016	0.383696	0.433253	0.49101	0.58578	0.650503	1.54902
-19.835 6.50842592712	  0.129851	0.131624	0.143864	0.164685	0.258767	0.247882	0.263238	0.263849	0.267767	0.288734	0.332886	0.378684	0.427242	0.483775	0.576367	0.639499	1.50897
-19.834 6.40622972203	 0.128866	0.130618	0.142715	0.163277	0.255988	0.245281	0.260388	0.260994	0.264848	0.285465	0.328831	0.373771	0.421355	0.476699	0.567179	0.628771	1.47045
-19.833 6.30674391661	 0.127892	0.129624	0.14158	0.161888	0.253254	0.242721	0.257583	0.258185	0.261976	0.282251	0.32485	0.368951	0.415588	0.469776	0.558208	0.61831	1.43337
-19.832 6.20986285151	 0.126929	0.128642	0.140458	0.160516	0.250563	0.240201	0.254824	0.255421	0.259151	0.279091	0.320941	0.364225	0.409939	0.463003	0.549448	0.608107	1.39767
-19.831 6.1154863743	 0.125976	0.12767	0.13935	0.159161	0.247914	0.237719	0.252109	0.252701	0.256371	0.275984	0.317101	0.359588	0.404404	0.456375	0.540892	0.598155	1.36328
-19.83 6.02351948135	 0.125035	0.12671	0.138255	0.157824	0.245308	0.235276	0.249437	0.250024	0.253636	0.272928	0.31333	0.35504	0.398981	0.449889	0.532533	0.588444	1.33013
-19.829 5.93387198734	 0.124104	0.12576	0.137172	0.156503	0.242742	0.232871	0.246807	0.247389	0.250944	0.269923	0.309626	0.350577	0.393665	0.443539	0.524367	0.578967	1.29818
-19.828 5.84645822004	 0.123183	0.124821	0.136102	0.155199	0.240216	0.230502	0.244218	0.244796	0.248295	0.266967	0.305987	0.346198	0.388455	0.437322	0.516387	0.569717	1.26735
-19.827 5.76119673803	 0.122273	0.123892	0.135045	0.153911	0.237729	0.228169	0.24167	0.242244	0.245687	0.264059	0.302412	0.3419	0.383347	0.431235	0.508587	0.560686	1.23761
-19.826 5.67801006949	 0.121372	0.122974	0.134	0.152639	0.235281	0.225871	0.239161	0.239731	0.24312	0.261199	0.298899	0.337681	0.37834	0.425274	0.500963	0.551868	1.2089
-19.825 5.59682447017	 0.120482	0.122065	0.132966	0.151383	0.23287	0.223608	0.236692	0.237256	0.240593	0.258384	0.295447	0.33354	0.373429	0.419436	0.493508	0.543256	1.18117
-19.824 5.51756969895	       0.119601	0.121167	0.131945	0.150142	0.230497	0.221378	0.23426	0.23482	0.238106	0.255615	0.292054	0.329475	0.368614	0.413717	0.486218	0.534843	1.15438
-19.823 5.44017880951	 0.11873	0.120279	0.130936	0.148917	0.228159	0.219182	0.231866	0.232422	0.235656	0.25289	0.288719	0.325483	0.363891	0.408114	0.479088	0.526624	1.12848
-19.822 5.36458795683	 0.117868	0.1194	0.129938	0.147706	0.225856	0.217018	0.229508	0.230059	0.233245	0.250209	0.285441	0.321563	0.359258	0.402623	0.472113	0.518593	1.10345
-19.821 5.29073621717	 0.117016	0.118531	0.128951	0.14651	0.223589	0.214886	0.227185	0.227733	0.23087	0.247569	0.282219	0.317714	0.354713	0.397243	0.46529	0.510743	1.07923
-19.82 5.21856542061	 0.116173	0.117672	0.127976	0.145329	0.221355	0.212786	0.224898	0.225442	0.228531	0.244972	0.279051	0.313933	0.350253	0.391969	0.458613	0.50307	1.0558
-19.819 5.14801999503	 0.115339	0.116822	0.127012	0.144161	0.219154	0.210716	0.222646	0.223185	0.226227	0.242415	0.275935	0.31022	0.345877	0.3868	0.452078	0.495569	1.03313
-19.818 5.07904682066	 0.114513	0.115981	0.126058	0.143008	0.216986	0.208676	0.220426	0.220962	0.223959	0.239898	0.272872	0.306571	0.341582	0.381732	0.445682	0.488233	1.01117
-19.817 5.01159509441	 0.113697	0.115149	0.125115	0.141868	0.21485	0.206665	0.21824	0.218771	0.221724	0.237419	0.269859	0.302987	0.337367	0.376763	0.439421	0.481059	0.989899
-19.816 4.94561620309	       0.11289	0.114325	0.124183	0.140742	0.212746	0.204683	0.216087	0.216613	0.219522	0.234979	0.266896	0.299465	0.333229	0.371891	0.43329	0.474042	0.969292
-19.815 4.88106360503	 0.112091	0.113511	0.123261	0.13963	0.210672	0.20273	0.213964	0.214487	0.217353	0.232576	0.263981	0.296004	0.329167	0.367112	0.427287	0.467177	0.94932
-19.814 4.81789271936	 0.1113	0.112706	0.122349	0.13853	0.208628	0.200804	0.211873	0.212392	0.215216	0.23021	0.261113	0.292603	0.325178	0.362424	0.421407	0.46046	0.929957
-19.813 4.7560608223	 0.110518	0.111909	0.121448	0.137444	0.206614	0.198906	0.209813	0.210328	0.21311	0.22788	0.258293	0.28926	0.321262	0.357826	0.415647	0.453886	0.911178
-19.812 4.69552695012	 0.109744	0.11112	0.120556	0.13637	0.204629	0.197035	0.207782	0.208293	0.211035	0.225585	0.255517	0.285973	0.317416	0.353314	0.410005	0.447452	0.89296
-19.811 4.6362518081	 0.108978	0.110339	0.119674	0.135309	0.202673	0.19519	0.205781	0.206288	0.20899	0.223325	0.252786	0.282743	0.313638	0.348887	0.404477	0.441153	0.875282
-19.81 4.57819768522	 0.10822	0.109567	0.118802	0.13426	0.200744	0.19337	0.203808	0.204312	0.206975	0.221098	0.250099	0.279567	0.309927	0.344543	0.399059	0.434986	0.858121
-19.809 4.52132837404	   0.10747	0.108803	0.117939	0.133223	0.198843	0.191576	0.201864	0.202364	0.204988	0.218904	0.247454	0.276444	0.306282	0.340279	0.39375	0.428948	0.841459
-19.808 4.4656090954	 0.106728	0.108047	0.117086	0.132198	0.196968	0.189807	0.199947	0.200443	0.20303	0.216743	0.24485	0.273372	0.3027	0.336093	0.388545	0.423034	0.825276
-19.807 4.41100642775	 0.105993	0.107299	0.116242	0.131185	0.19512	0.188062	0.198058	0.19855	0.2011	0.214614	0.242288	0.270352	0.299181	0.331985	0.383443	0.417241	0.809553
-19.806 4.35748824058	 0.105266	0.106558	0.115407	0.130183	0.193298	0.186341	0.196195	0.196683	0.199198	0.212515	0.239766	0.267382	0.295723	0.327951	0.378441	0.411566	0.794275
-19.805 4.30502363187	 0.104546	0.105825	0.114581	0.129193	0.191501	0.184643	0.194358	0.194843	0.197322	0.210448	0.237282	0.26446	0.292324	0.32399	0.373535	0.406007	0.779423
-19.804 4.25358286907	 0.103834	0.1051	0.113763	0.128215	0.189729	0.182969	0.192547	0.193028	0.195472	0.20841	0.234837	0.261586	0.288984	0.320101	0.368725	0.400559	0.764983
-19.803 4.20313733356	 0.103129	0.104382	0.112955	0.127247	0.187982	0.181317	0.190761	0.191239	0.193649	0.206402	0.23243	0.258758	0.2857	0.31628	0.364006	0.395219	0.75094
-19.802 4.15365946831	 0.102431	0.103672	0.112155	0.12629	0.186258	0.179688	0.189	0.189474	0.19185	0.204423	0.230059	0.255976	0.282472	0.312528	0.359378	0.389986	0.737278
-19.801 4.1051227284	 0.10174	0.102968	0.111363	0.125344	0.184558	0.17808	0.187263	0.187734	0.190077	0.202472	0.227725	0.253238	0.279299	0.308842	0.354837	0.384856	0.723985
-19.8 4.05750153438	 0.101057	0.102272	0.11058	0.124408	0.182882	0.176494	0.18555	0.186017	0.188328	0.200549	0.225426	0.250544	0.276178	0.305221	0.350381	0.379826	0.711047
-19.799 4.01077122823	 0.10038	0.101583	0.109805	0.123483	0.181228	0.174929	0.18386	0.184324	0.186603	0.198653	0.223161	0.247893	0.273109	0.301663	0.346009	0.374894	0.698452
-19.798 3.96490803168	 0.0997094	0.1009	0.109038	0.122569	0.179596	0.173385	0.182193	0.182654	0.184902	0.196783	0.220931	0.245284	0.270092	0.298167	0.341718	0.370057	0.686188
-19.797 3.91988900683	 0.0990459	0.100225	0.108279	0.121664	0.177986	0.171861	0.180549	0.181006	0.183224	0.194941	0.218733	0.242715	0.267124	0.294732	0.337506	0.365313	0.674244
-19.796 3.87569201892	 0.098389	0.0995564	0.107528	0.120769	0.176398	0.170357	0.178927	0.179381	0.181569	0.193123	0.216568	0.240187	0.264204	0.291355	0.333372	0.36066	0.662607
-19.795 3.83229570099	 0.0977386	0.0988944	0.106785	0.119884	0.174831	0.168872	0.177326	0.177777	0.179936	0.191331	0.214435	0.237698	0.261332	0.288036	0.329313	0.356094	0.651269
-19.794 3.78967942056	 0.0970946	0.098239	0.10605	0.119009	0.173285	0.167407	0.175747	0.176195	0.178325	0.189564	0.212334	0.235247	0.258507	0.284773	0.325327	0.351615	0.640218
-19.793 3.74782324789	 0.096457	0.09759	0.105322	0.118144	0.171759	0.165961	0.174189	0.174634	0.176735	0.187821	0.210263	0.232834	0.255727	0.281565	0.321413	0.34722	0.629446
-19.792 3.70670792603	      0.0958256	0.0969475	0.104602	0.117287	0.170253	0.164534	0.172652	0.173093	0.175166	0.186103	0.208222	0.230458	0.252992	0.278411	0.31757	0.342907	0.618943
-19.791 3.66631484229	 0.0952004	0.0963113	0.103888	0.11644	0.168767	0.163124	0.171135	0.171573	0.173619	0.184407	0.206211	0.228118	0.2503	0.27531	0.313795	0.338673	0.608699
-19.79 3.62662600127	 0.0945813	0.0956814	0.103183	0.115603	0.1673	0.161733	0.169638	0.170073	0.172091	0.182735	0.204229	0.225814	0.247651	0.27226	0.310087	0.334517	0.598708
-19.789 3.58762399916	 0.0939683	0.0950576	0.102484	0.114774	0.165852	0.16036	0.16816	0.168592	0.170584	0.181085	0.202275	0.223544	0.245044	0.269261	0.306444	0.330437	0.588959
-19.788 3.5492919994	 0.0933611	0.0944399	0.101792	0.113954	0.164423	0.159004	0.166701	0.167131	0.169097	0.179458	0.20035	0.221309	0.242478	0.266311	0.302864	0.326431	0.579447
-19.787 3.5116137095	 0.0927598	0.0938282	0.101108	0.113143	0.163013	0.157665	0.165262	0.165688	0.167628	0.177852	0.198451	0.219106	0.239951	0.263409	0.299347	0.322498	0.570162
-19.786 3.47457335903	   0.0921644	0.0932224	0.10043	0.11234	0.16162	0.156343	0.163841	0.164264	0.166179	0.176268	0.196579	0.216936	0.237464	0.260554	0.295891	0.318635	0.561099
-19.785 3.43815567866	 0.0915746	0.0926224	0.0997591	0.111546	0.160245	0.155038	0.162438	0.162858	0.164749	0.174705	0.194734	0.214799	0.235016	0.257745	0.292495	0.314841	0.552249
-19.784 3.4023458802	  0.0909905	0.0920282	0.0990949	0.11076	0.158888	0.153748	0.161053	0.16147	0.163337	0.173162	0.192915	0.212693	0.232605	0.254981	0.289156	0.311114	0.543607
-19.783 3.36712963769	 0.0904119	0.0914398	0.0984373	0.109983	0.157548	0.152475	0.159686	0.1601	0.161943	0.17164	0.19112	0.210617	0.230231	0.252262	0.285874	0.307453	0.535166
-19.782 3.33249306922	  0.0898388	0.0908569	0.0977862	0.109214	0.156224	0.151218	0.158336	0.158747	0.160567	0.170138	0.189351	0.208572	0.227893	0.249586	0.282648	0.303856	0.526919
-19.781 3.29842271979	  0.0892712	0.0902796	0.0971415	0.108452	0.154917	0.149976	0.157003	0.157412	0.159208	0.168655	0.187606	0.206556	0.225591	0.246952	0.279476	0.300322	0.518861
-19.78 3.26490554483	 0.0887089	0.0897078	0.0965032	0.107699	0.153627	0.148749	0.155687	0.156093	0.157866	0.167192	0.185886	0.20457	0.223323	0.244359	0.276357	0.296849	0.510986
-19.779 3.23192889457	 0.088152	0.0891414	0.0958712	0.106954	0.152353	0.147537	0.154387	0.15479	0.156541	0.165748	0.184188	0.202612	0.221089	0.241807	0.27329	0.293436	0.503289
-19.778 3.19948049908	  0.0876002	0.0885803	0.0952453	0.106216	0.151094	0.14634	0.153104	0.153504	0.155233	0.164322	0.182514	0.200682	0.218889	0.239295	0.270273	0.290081	0.495764
-19.777 3.16754845402	   0.0870536	0.0880245	0.0946255	0.105486	0.149851	0.145157	0.151836	0.152234	0.153941	0.162915	0.180863	0.198779	0.216721	0.236822	0.267306	0.286784	0.488406
-19.776 3.13612120702	 0.0865121	0.087474	0.0940118	0.104763	0.148623	0.143989	0.150584	0.150979	0.152666	0.161525	0.179234	0.196903	0.214585	0.234387	0.264388	0.283542	0.48121
-19.775 3.10518754466	 0.0859757	0.0869286	0.0934041	0.104048	0.14741	0.142835	0.149348	0.14974	0.151406	0.160153	0.177626	0.195054	0.212481	0.231989	0.261517	0.280355	0.474173
-19.774 3.07473658007	 0.0854442	0.0863882	0.0928022	0.10334	0.146212	0.141695	0.148127	0.148516	0.150161	0.158799	0.176041	0.193231	0.210407	0.229628	0.258693	0.277222	0.467288
-19.773 3.04475774102	 0.0849176	0.0858529	0.0922061	0.102639	0.145029	0.140568	0.14692	0.147307	0.148932	0.157462	0.174476	0.191433	0.208363	0.227303	0.255914	0.27414	0.460551
-19.772 3.01524075861	          0.0843959	0.0853226	0.0916157	0.101946	0.14386	0.139454	0.145729	0.146113	0.147718	0.156141	0.172932	0.18966	0.20635	0.225012	0.25318	0.27111	0.453959
-19.771 2.98617565634	 0.083879	0.0847971	0.0910309	0.101259	0.142705	0.138354	0.144551	0.144933	0.146518	0.154838	0.171409	0.187911	0.204365	0.222756	0.250489	0.268129	0.447508
-19.77 2.95755273977	 0.0833668	0.0842765	0.0904518	0.100579	0.141564	0.137267	0.143388	0.143767	0.145334	0.15355	0.169905	0.186187	0.202409	0.220534	0.247841	0.265197	0.441192
-19.769 2.92936258654	  0.0828593	0.0837607	0.0898782	0.0999063	0.140436	0.136192	0.142239	0.142616	0.144163	0.152278	0.168422	0.184486	0.20048	0.218345	0.245234	0.262313	0.435009
-19.768 2.90159603687	                0.0823564	0.0832495	0.08931	0.0992401	0.139322	0.13513	0.141104	0.141478	0.143007	0.151022	0.166957	0.182808	0.198579	0.216189	0.242669	0.259476	0.428955
-19.767 2.87424418438	 0.0818581	0.0827431	0.0887471	0.0985806	0.138221	0.134081	0.139982	0.140354	0.141864	0.149782	0.165512	0.181153	0.196705	0.214064	0.240143	0.256685	0.423027
-19.766 2.8472983674	 0.0813642	0.0822412	0.0881896	0.0979276	0.137133	0.133043	0.138873	0.139243	0.140735	0.148557	0.164085	0.179521	0.194857	0.21197	0.237657	0.253938	0.41722
-19.765 2.82075016057	 0.0808749	0.0817439	0.0876373	0.097281	0.136058	0.132018	0.137778	0.138145	0.139619	0.147346	0.162677	0.17791	0.193036	0.209907	0.235209	0.251235	0.411532
-19.764 2.79459136677	 0.0803899	0.0812511	0.0870902	0.0966409	0.134995	0.131004	0.136696	0.13706	0.138517	0.146151	0.161287	0.176321	0.191239	0.207873	0.232798	0.248575	0.405959
-19.763 2.76881400949	  0.0799093	0.0807628	0.0865481	0.096007	0.133945	0.130002	0.135626	0.135988	0.137428	0.14497	0.159914	0.174753	0.189468	0.20587	0.230425	0.245957	0.400498
-19.762 2.74341032535	 0.079433	0.0802788	0.0860112	0.0953794	0.132907	0.129012	0.134568	0.134928	0.136351	0.143803	0.158559	0.173206	0.187721	0.203895	0.228087	0.24338	0.395147
-19.761 2.71837275706	 0.0789609	0.0797992	0.0854792	0.0947579	0.131881	0.128032	0.133523	0.133881	0.135287	0.14265	0.157221	0.171679	0.185998	0.201948	0.225785	0.240844	0.389902
-19.76 2.69369394659	  0.078493	0.0793238	0.0849521	0.0941424	0.130866	0.127064	0.132491	0.132846	0.134236	0.141511	0.1559	0.170173	0.184298	0.200029	0.223518	0.238347	0.384761
-19.759 2.66936672862	    0.0780293	0.0788527	0.0844299	0.0935329	0.129864	0.126107	0.13147	0.131822	0.133196	0.140386	0.154595	0.168686	0.182622	0.198137	0.221284	0.235888	0.37972
-19.758 2.64538412428	 0.0775696	0.0783858	0.0839125	0.0929294	0.128873	0.12516	0.130461	0.130811	0.132169	0.139274	0.153307	0.167219	0.180969	0.196272	0.219084	0.233467	0.374778
-19.757 2.62173933509	 0.077114	0.077923	0.0833998	0.0923316	0.127893	0.124224	0.129463	0.129811	0.131153	0.138175	0.152035	0.16577	0.179338	0.194433	0.216916	0.231083	0.369931
-19.756 2.59842573716	 0.0766624	0.0774642	0.0828918	0.0917396	0.126924	0.123299	0.128477	0.128823	0.13015	0.137089	0.150778	0.164341	0.177729	0.192619	0.214781	0.228736	0.365178
-19.755 2.57543687566	               0.0762148	0.0770096	0.0823884	0.0911533	0.125967	0.122384	0.127502	0.127846	0.129157	0.136016	0.149537	0.16293	0.176141	0.190831	0.212676	0.226424	0.360516
-19.754 2.55276645936	 0.0757711	0.0765589	0.0818896	0.0905725	0.12502	0.121479	0.126538	0.126879	0.128176	0.134955	0.148311	0.161536	0.174574	0.189068	0.210603	0.224147	0.355942
-19.753 2.53040835558	 0.0753312	0.0761121	0.0813953	0.0899973	0.124084	0.120584	0.125585	0.125924	0.127206	0.133907	0.147101	0.160161	0.173029	0.187329	0.208559	0.221904	0.351455
-19.752 2.50835658515	 0.0748951	0.0756693	0.0809055	0.0894276	0.123158	0.119699	0.124642	0.12498	0.126247	0.13287	0.145905	0.158803	0.171504	0.185614	0.206546	0.219695	0.347052
-19.751 2.48660531767	 0.0744629	0.0752303	0.0804201	0.0888632	0.122242	0.118823	0.123711	0.124046	0.125299	0.131846	0.144723	0.157463	0.169998	0.183922	0.204561	0.217518	0.342731
-19.75 2.46514886689	 0.0740343	0.0747951	0.079939	0.0883042	0.121337	0.117958	0.122789	0.123122	0.124361	0.130834	0.143556	0.156139	0.168513	0.182254	0.202604	0.215373	0.33849
-19.749 2.44398168631	 0.0736095	0.0743637	0.0794623	0.0877504	0.120442	0.117101	0.121878	0.122209	0.123434	0.129833	0.142403	0.154832	0.167047	0.180608	0.200676	0.213261	0.334327
-19.748 2.42309836489	 0.0731883	0.073936	0.0789898	0.0872018	0.119556	0.116254	0.120977	0.121306	0.122518	0.128844	0.141264	0.153541	0.1656	0.178984	0.198775	0.211178	0.33024
-19.747 2.40249362296	 0.0727706	0.073512	0.0785215	0.0866584	0.118681	0.115416	0.120086	0.120413	0.121611	0.127866	0.140138	0.152266	0.164172	0.177382	0.196901	0.209127	0.326228
-19.746 2.38216230824	 0.0723566	0.0730916	0.0780573	0.08612	0.117815	0.114587	0.119205	0.11953	0.120715	0.126899	0.139026	0.151007	0.162762	0.175801	0.195053	0.207105	0.322289
-19.745 2.36209939207	 0.0719461	0.0726748	0.0775973	0.0855866	0.116958	0.113767	0.118333	0.118656	0.119828	0.125943	0.137927	0.149764	0.16137	0.174241	0.193231	0.205112	0.31842
-19.744 2.34229996566	 0.0715391	0.0722616	0.0771413	0.0850581	0.116111	0.112956	0.117471	0.117792	0.118951	0.124997	0.136841	0.148535	0.159996	0.172702	0.191435	0.203148	0.31462
-19.743 2.32275923663	 0.0711355	0.0718519	0.0766893	0.0845346	0.115272	0.112153	0.116618	0.116937	0.118084	0.124063	0.135767	0.147322	0.158639	0.171184	0.189663	0.201212	0.310888
-19.742 2.30347252552	 0.0707353	0.0714456	0.0762412	0.0840158	0.114443	0.111359	0.115775	0.116092	0.117226	0.123138	0.134706	0.146124	0.1573	0.169685	0.187916	0.199303	0.307222
-19.741 2.28443526252	 0.0703384	0.0710428	0.0757971	0.0835018	0.113623	0.110573	0.114941	0.115256	0.116377	0.122224	0.133658	0.14494	0.155977	0.168206	0.186193	0.197421	0.30362
-19.74 2.26564298428	 0.069945	0.0706434	0.0753569	0.0829925	0.112812	0.109796	0.114115	0.114428	0.115538	0.121321	0.132622	0.143771	0.154671	0.166746	0.184493	0.195566	0.300082
-19.739 2.24709133084	 0.0695548	0.0702473	0.0749205	0.0824879	0.112009	0.109026	0.113299	0.11361	0.114707	0.120427	0.131598	0.142615	0.153381	0.165305	0.182817	0.193737	0.296604
-19.738 2.22877604267	 0.0691678	0.0698546	0.0744878	0.0819878	0.111214	0.108265	0.112491	0.1128	0.113886	0.119543	0.130585	0.141474	0.152108	0.163882	0.181163	0.191934	0.293187
-19.737 2.21069295778	 0.0687841	0.0694652	0.0740589	0.0814923	0.110429	0.107512	0.111692	0.111999	0.113073	0.118668	0.129584	0.140346	0.15085	0.162478	0.179531	0.190155	0.289828
-19.736 2.19283800898	             0.0684035	0.0690789	0.0736337	0.0810012	0.109651	0.106766	0.110901	0.111207	0.112269	0.117804	0.128595	0.139232	0.149608	0.161092	0.177922	0.188401	0.286527
-19.735 2.1752072212	 0.0680262	0.068696	0.0732121	0.0805146	0.108882	0.106029	0.110119	0.110422	0.111474	0.116948	0.127617	0.138131	0.148381	0.159723	0.176334	0.186671	0.283281
-19.734 2.1577967089	 0.0676519	0.0683161	0.0727942	0.0800323	0.10812	0.105299	0.109345	0.109647	0.110687	0.116102	0.12665	0.137042	0.147169	0.158372	0.174767	0.184965	0.280091
-19.733 2.14060267357	 0.0672807	0.0679395	0.0723798	0.0795544	0.107367	0.104576	0.108579	0.108879	0.109908	0.115265	0.125694	0.135967	0.145972	0.157038	0.173221	0.183282	0.276954
-19.732 2.12362140135	 0.0669125	0.0675659	0.0719689	0.0790807	0.106622	0.103861	0.107821	0.108119	0.109137	0.114437	0.124749	0.134904	0.144789	0.15572	0.171696	0.181622	0.273869
-19.731 2.10684926066	 0.0665474	0.0671954	0.0715615	0.0786113	0.105884	0.103153	0.107071	0.107367	0.108375	0.113618	0.123814	0.133854	0.143621	0.154419	0.17019	0.179985	0.270836
-19.73 2.09028269996	 0.0661852	0.0668279	0.0711576	0.078146	0.105154	0.102452	0.106329	0.106623	0.10762	0.112808	0.12289	0.132816	0.142466	0.153135	0.168704	0.178369	0.267852
-19.729 2.07391824556	 0.065826	0.0664635	0.0707571	0.0776848	0.104431	0.101759	0.105594	0.105887	0.106874	0.112006	0.121977	0.131789	0.141326	0.151866	0.167238	0.176775	0.264918
-19.728 2.05775249955	  0.0654697	0.066102	0.07036	0.0772277	0.103716	0.101072	0.104867	0.105158	0.106135	0.111213	0.121073	0.130775	0.140199	0.150613	0.16579	0.175203	0.262031
-19.727 2.0417821377	   0.0651163	0.0657435	0.0699661	0.0767746	0.103008	0.100393	0.104148	0.104437	0.105403	0.110429	0.120179	0.129773	0.139086	0.149376	0.164362	0.173651	0.259192
-19.726 2.02600390752	 0.0647658	0.0653878	0.0695756	0.0763255	0.102307	0.0997197	0.103436	0.103723	0.10468	0.109652	0.119295	0.128781	0.137986	0.148153	0.162951	0.17212	0.256398
-19.725 2.01041462633	  0.064418	0.0650351	0.0691884	0.0758804	0.101614	0.0990537	0.102731	0.103017	0.103963	0.108884	0.118421	0.127802	0.136898	0.146946	0.161559	0.170609	0.253649
-19.724 1.99501117944	 0.0640731	0.0646852	0.0688043	0.0754391	0.100927	0.0983943	0.102033	0.102317	0.103254	0.108123	0.117557	0.126833	0.135824	0.145753	0.160185	0.169117	0.250944
-19.723 1.97979051833	 0.0637309	0.0643381	0.0684235	0.0750016	0.100248	0.0977414	0.101343	0.101625	0.102553	0.107371	0.116702	0.125875	0.134762	0.144575	0.158827	0.167646	0.248282
-19.722 1.9647496589	 0.0633914	0.0639938	0.0680458	0.0745679	0.0995749	0.097095	0.100659	0.10094	0.101858	0.106627	0.115856	0.124928	0.133713	0.143411	0.157488	0.166193	0.245662
-19.721 1.94988567984	 0.0630547	0.0636522	0.0676712	0.074138	0.0989089	0.0964551	0.0999824	0.100262	0.10117	0.10589	0.115019	0.123992	0.132676	0.14226	0.156165	0.164759	0.243083
-19.72 1.93519572095	   0.0627206	0.0633134	0.0672998	0.0737118	0.0982495	0.0958214	0.0993125	0.0995901	0.10049	0.105161	0.114192	0.123066	0.13165	0.141124	0.154858	0.163343	0.240545
-19.719 1.92067698159	 0.0623892	0.0629772	0.0669313	0.0732893	0.0975968	0.0951939	0.0986493	0.0989253	0.0998157	0.104439	0.113373	0.12215	0.130637	0.140001	0.153568	0.161946	0.238046
-19.718 1.90632671914	 0.0620604	0.0626438	0.0665659	0.0728704	0.0969505	0.0945726	0.0979927	0.0982672	0.0991486	0.103725	0.112563	0.121245	0.129635	0.138892	0.152294	0.160567	0.235586
-19.717 1.89214224752	 0.0617342	0.062313	0.0662035	0.072455	0.0963106	0.0939574	0.0973427	0.0976156	0.0984881	0.103018	0.111762	0.12035	0.128645	0.137796	0.151036	0.159205	0.233164
-19.716 1.87812093575	   0.0614106	0.0619848	0.065844	0.0720432	0.095677	0.0933481	0.0966991	0.0969704	0.0978343	0.102318	0.110969	0.119464	0.127666	0.136712	0.149793	0.15786	0.230779
-19.715 1.86426020657	 0.0610895	0.0616592	0.0654874	0.0716349	0.0950497	0.0927447	0.0960619	0.0963316	0.0971869	0.101625	0.110184	0.118589	0.126698	0.135642	0.148565	0.156532	0.22843
-19.714 1.85055753507	 0.0607709	0.0613361	0.0651337	0.0712301	0.0944285	0.0921472	0.0954309	0.0956991	0.096546	0.10094	0.109408	0.117723	0.125742	0.134584	0.147353	0.155221	0.226117
-19.713 1.83701044739	 0.0604548	0.0610156	0.0647829	0.0708287	0.0938133	0.0915554	0.0948062	0.0950728	0.0959113	0.100261	0.10864	0.116866	0.124796	0.133538	0.146155	0.153927	0.223839
-19.712 1.82361651944	        0.0601411	0.0606975	0.0644349	0.0704306	0.0932042	0.0909693	0.0941875	0.0944527	0.0952829	0.0995888	0.10788	0.116019	0.12386	0.132504	0.144972	0.152648	0.221595
-19.711 1.81037337567	 0.0598299	0.060382	0.0640897	0.0700359	0.092601	0.0903888	0.0935749	0.0938386	0.0946606	0.0989236	0.107128	0.11518	0.122935	0.131482	0.143803	0.151385	0.219385
-19.71 1.79727868788	 0.0595211	0.0600689	0.0637473	0.0696446	0.0920036	0.0898139	0.0929683	0.0932304	0.0940444	0.0982651	0.106384	0.114351	0.122021	0.130472	0.142648	0.150138	0.217208
-19.709 1.78433017406	 0.0592147	0.0597583	0.0634076	0.0692564	0.0914119	0.0892444	0.0923675	0.0926282	0.0934343	0.0976131	0.105648	0.113531	0.121116	0.129474	0.141507	0.148907	0.215062
-19.708 1.77152559724	 0.0589106	0.05945	0.0630706	0.0688716	0.090826	0.0886803	0.0917725	0.0920317	0.09283	0.0969675	0.104919	0.11272	0.120222	0.128487	0.14038	0.14769	0.212949
-19.707 1.75886276442	 0.0586089	0.0591441	0.0627363	0.0684899	0.0902456	0.0881215	0.0911833	0.091441	0.0922315	0.0963283	0.104198	0.111917	0.119337	0.127511	0.139266	0.146488	0.210866
-19.706 1.74633952549	 0.0583095	0.0588406	0.0624046	0.0681114	0.0896709	0.087568	0.0905997	0.090856	0.0916389	0.0956955	0.103484	0.111123	0.118462	0.126547	0.138165	0.145301	0.208814
-19.705 1.73395377221	 0.0580123	0.0585394	0.0620756	0.067736	0.0891015	0.0870197	0.0900217	0.0902765	0.0910519	0.0950688	0.102778	0.110337	0.117597	0.125593	0.137077	0.144128	0.206791
-19.704 1.72170343719	 0.0577175	0.0582405	0.0617491	0.0673637	0.0885376	0.0864766	0.0894492	0.0897026	0.0904706	0.0944483	0.102078	0.10956	0.116741	0.12465	0.136003	0.142969	0.204798
-19.703 1.70958649293	 0.0574249	0.0579439	0.0614253	0.0669945	0.087979	0.0859385	0.0888821	0.0891342	0.0898948	0.0938338	0.101386	0.10879	0.115895	0.123718	0.13494	0.141825	0.202833
-19.702 1.69760095089	 0.0571345	0.0576496	0.0611039	0.0666283	0.0874257	0.0854054	0.0883204	0.0885711	0.0893244	0.0932253	0.100701	0.108029	0.115057	0.122796	0.13389	0.140693	0.200897
-19.701 1.68574486052	 0.0568463	0.0573575	0.0607851	0.0662651	0.0868776	0.0848772	0.0877641	0.0880133	0.0887595	0.0926227	0.100023	0.107276	0.114229	0.121884	0.132852	0.139576	0.198988
-19.7 1.67401630842	 0.0565602	0.0570676	0.0604688	0.0659048	0.0863346	0.0843539	0.0872129	0.0874608	0.0881999	0.0920259	0.0993511	0.10653	0.11341	0.120982	0.131827	0.138471	0.197106
-19.699 1.66241341744	 0.0562764	0.0567799	0.0601549	0.0655475	0.0857967	0.0838355	0.086667	0.0869135	0.0876456	0.0914349	0.0986864	0.105793	0.112599	0.12009	0.130813	0.13738	0.195251
-19.698 1.65093434584	 0.0559946	0.0564943	0.0598435	0.0651931	0.0852638	0.0833218	0.0861261	0.0863713	0.0870965	0.0908496	0.0980283	0.105063	0.111797	0.119209	0.12981	0.136302	0.193422
-19.697 1.63957728647	 0.055715	0.0562109	0.0595345	0.0648415	0.0847359	0.0828128	0.0855903	0.0858341	0.0865526	0.0902698	0.0973768	0.10434	0.111004	0.118336	0.12882	0.135236	0.191618
-19.696 1.628340466	       0.0554374	0.0559297	0.0592278	0.0644928	0.0842128	0.0823085	0.0850595	0.085302	0.0860137	0.0896956	0.0967317	0.103625	0.110219	0.117474	0.12784	0.134182	0.189839
-19.695 1.61722214408	 0.055162	0.0556505	0.0589236	0.0641469	0.0836946	0.0818088	0.0845336	0.0847748	0.0854798	0.0891268	0.0960931	0.102917	0.109442	0.116621	0.126872	0.133141	0.188085
-19.694 1.60622061265	 0.0548885	0.0553735	0.0586216	0.0638037	0.0831812	0.0813136	0.0840126	0.0842524	0.0849509	0.0885635	0.0954607	0.102217	0.108673	0.115777	0.125914	0.132112	0.186356
-19.693 1.59533419517	 0.0546171	0.0550985	0.058322	0.0634633	0.0826724	0.0808229	0.0834963	0.0837349	0.0844269	0.0880054	0.0948346	0.101523	0.107913	0.114942	0.124968	0.131095	0.18465
-19.692 1.58456124591	 0.0543478	0.0548255	0.0580247	0.0631257	0.0821683	0.0803366	0.0829848	0.0832221	0.0839077	0.0874526	0.0942146	0.100837	0.10716	0.114116	0.124032	0.130089	0.182967
-19.691 1.57390014927	 0.0540803	0.0545546	0.0577296	0.0627907	0.0816688	0.0798547	0.082478	0.082714	0.0833933	0.086905	0.0936006	0.100157	0.106416	0.113299	0.123106	0.129095	0.181307
-19.69 1.56334931909	  0.0538149	0.0542856	0.0574368	0.0624583	0.0811738	0.0793771	0.0819758	0.0822106	0.0828836	0.0863625	0.0929927	0.0994849	0.105679	0.112491	0.122191	0.128113	0.17967
-19.689 1.55290719798	 0.0535514	0.0540187	0.0571462	0.0621286	0.0806833	0.0789037	0.0814782	0.0817117	0.0823786	0.0858251	0.0923906	0.098819	0.104949	0.111691	0.121286	0.127141	0.178054
-19.688 1.5425722567	  0.0532899	0.0537537	0.0568578	0.0618015	0.0801973	0.0784346	0.0809851	0.0812173	0.0818782	0.0852927	0.0917944	0.0981598	0.104227	0.1109	0.120391	0.126181	0.176461
-19.687 1.53234299353	 0.0530302	0.0534907	0.0565716	0.061477	0.0797156	0.0779697	0.0804965	0.0807275	0.0813823	0.0847652	0.0912039	0.0975072	0.103513	0.110117	0.119506	0.125231	0.174888
-19.686 1.52221793367	 0.0527725	0.0532295	0.0562876	0.061155	0.0792383	0.0775089	0.0800123	0.080242	0.0808909	0.0842426	0.0906191	0.096861	0.102806	0.109342	0.11863	0.124292	0.173337
-19.685 1.51219562863	 0.0525166	0.0529703	0.0560056	0.0608356	0.0787652	0.0770521	0.0795324	0.0797609	0.0804039	0.0837249	0.0900399	0.0962213	0.102106	0.108576	0.117764	0.123364	0.171806
-19.684 1.50227465566	 0.0522626	0.052713	0.0557258	0.0605186	0.0782964	0.0765994	0.0790568	0.0792841	0.0799213	0.0832118	0.0894662	0.0955879	0.101413	0.107818	0.116908	0.122446	0.170295
-19.683 1.49245361721	   0.0520104	0.0524576	0.0554481	0.0602042	0.0778317	0.0761507	0.0785855	0.0788116	0.0794431	0.0827035	0.088898	0.0949607	0.100728	0.107067	0.116061	0.121538	0.168804
-19.682 1.48273114033	 0.05176	0.052204	0.0551725	0.0598921	0.0773711	0.0757059	0.0781184	0.0783433	0.0789691	0.0821998	0.0883352	0.0943396	0.100049	0.106324	0.115223	0.12064	0.167333
-19.681 1.47310587623	 0.0515115	0.0519522	0.0548989	0.0595825	0.0769146	0.075265	0.0776554	0.0778792	0.0784994	0.0817007	0.0877777	0.0937246	0.099377	0.10559	0.114394	0.119752	0.165881
-19.68 1.46357649965	 0.0512647	0.0517022	0.0546273	0.0592753	0.0764622	0.0748279	0.0771966	0.0774191	0.0780338	0.0812062	0.0872255	0.0931157	0.0987118	0.104862	0.113574	0.118874	0.164447
-19.679 1.45414170845	 0.0510197	0.0514541	0.0543577	0.0589704	0.0760137	0.0743946	0.0767417	0.0769632	0.0775724	0.0807161	0.0866785	0.0925126	0.0980532	0.104142	0.112763	0.118005	0.163032
-19.678 1.44480022304	 0.0507764	0.0512077	0.0540902	0.0586679	0.0755692	0.073965	0.0762909	0.0765112	0.077115	0.0802304	0.0861366	0.0919154	0.0974012	0.10343	0.11196	0.117146	0.161636
-19.677 1.43555078599	     0.0505349	0.0509631	0.0538246	0.0583677	0.0751285	0.0735392	0.0758441	0.0760632	0.0766617	0.0797491	0.0855997	0.0913239	0.0967557	0.102725	0.111166	0.116297	0.160257
-19.676 1.42639216145	 0.0502951	0.0507203	0.0535609	0.0580698	0.0746917	0.0731171	0.0754012	0.0756191	0.0762123	0.0792721	0.0850679	0.0907381	0.0961166	0.102027	0.110381	0.115456	0.158895
-19.675 1.4173231348	 0.050057	0.0504792	0.0532992	0.0577742	0.0742587	0.0726985	0.0749621	0.075179	0.0757669	0.0787994	0.084541	0.090158	0.0954838	0.101336	0.109603	0.114625	0.157551
-19.674 1.40834251213	 0.0498206	0.0502398	0.0530394	0.0574808	0.0738294	0.0722836	0.0745269	0.0747426	0.0753254	0.0783309	0.084019	0.0895833	0.0948572	0.100652	0.108834	0.113802	0.156224
-19.673 1.39944911985	 0.0495859	0.050002	0.0527815	0.0571897	0.0734039	0.0718721	0.0740954	0.07431	0.0748878	0.0778666	0.0835018	0.0890142	0.0942368	0.0999747	0.108073	0.112989	0.154914
-19.672 1.39064180424	 0.0493528	0.049766	0.0525254	0.0569008	0.072982	0.0714642	0.0736677	0.0738812	0.0744539	0.0774063	0.0829894	0.0884505	0.0936224	0.0993045	0.10732	0.112184	0.153619
-19.671 1.38191943108	 0.0491214	0.0495317	0.0522713	0.056614	0.0725638	0.0710598	0.0732437	0.0734561	0.0740238	0.0769502	0.0824816	0.0878921	0.0930141	0.0986409	0.106575	0.111387	0.152342
-19.67 1.37328088518	  0.0488915	0.049299	0.0520189	0.0563294	0.0721491	0.0706588	0.0728233	0.0730346	0.0735974	0.0764981	0.0819785	0.0873389	0.0924116	0.0979841	0.105837	0.110599	0.15108
-19.669 1.36472507005	 0.0486633	0.0490679	0.0517684	0.056047	0.071738	0.0702611	0.0724065	0.0726168	0.0731747	0.0760499	0.08148	0.086791	0.091815	0.0973337	0.105107	0.10982	0.149833
-19.668 1.35625090748	  0.0484367	0.0488384	0.0515197	0.0557667	0.0713303	0.0698668	0.0719933	0.0722025	0.0727556	0.0756057	0.0809861	0.0862482	0.0912241	0.0966898	0.104385	0.109048	0.148602
-19.667 1.34785733719	 0.0482117	0.0486106	0.0512728	0.0554884	0.0709262	0.0694758	0.0715836	0.0717917	0.0723401	0.0751653	0.0804966	0.0857105	0.0906389	0.0960523	0.10367	0.108285	0.147386
-19.666 1.33954331645	 0.0479882	0.0483843	0.0510276	0.0552123	0.0705254	0.0690881	0.0711774	0.0713845	0.0719282	0.0747288	0.0800115	0.0851778	0.0900593	0.095421	0.102962	0.10753	0.146185
-19.665 1.33130781973	  0.0477663	0.0481597	0.0507843	0.0549382	0.0701281	0.0687036	0.0707747	0.0709807	0.0715198	0.074296	0.0795308	0.0846501	0.0894853	0.094796	0.102262	0.106782	0.144998
-19.664 1.32314983835	  0.0475459	0.0479365	0.0505426	0.0546661	0.0697341	0.0683224	0.0703753	0.0705803	0.0711148	0.0738671	0.0790544	0.0841272	0.0889167	0.094177	0.101568	0.106043	0.143826
-19.663 1.31506838016	 0.047327	0.047715	0.0503027	0.0543961	0.0693434	0.0679442	0.0699794	0.0701833	0.0707132	0.0734418	0.0785823	0.0836092	0.0883535	0.0935641	0.100882	0.10531	0.142668
-19.662 1.30706246916	 0.0471097	0.0474949	0.0500644	0.054128	0.068956	0.0675693	0.0695867	0.0697896	0.0703151	0.0730202	0.0781144	0.0830959	0.0877957	0.0929572	0.100203	0.104586	0.141524
-19.661 1.29913114526	                 0.0468938	0.0472764	0.0498279	0.053862	0.0685718	0.0671974	0.0691974	0.0693993	0.0699203	0.0726022	0.0776507	0.0825873	0.0872431	0.0923561	0.0995302	0.103869	0.140394
-19.66 1.29127346386	 0.0466794	0.0470594	0.049593	0.0535979	0.0681908	0.0668285	0.0688113	0.0690122	0.0695288	0.0721877	0.077191	0.0820834	0.0866957	0.0917609	0.0988644	0.103159	0.139277
-19.659 1.28348849565	   0.0464665	0.0468439	0.0493598	0.0533357	0.067813	0.0664627	0.0684284	0.0686283	0.0691406	0.0717769	0.0767355	0.0815841	0.0861535	0.0911714	0.0982053	0.102457	0.138174
-19.658 1.27577532621	 0.046255	0.0466298	0.0491282	0.0530754	0.0674383	0.0660999	0.0680488	0.0682477	0.0687556	0.0713695	0.076284	0.0810894	0.0856163	0.0905876	0.0975527	0.101762	0.137083
-19.657 1.26813305582	 0.046045	0.0464173	0.0488983	0.0528171	0.0670667	0.0657401	0.0676722	0.0678701	0.0683739	0.0709655	0.0758364	0.0805991	0.0850841	0.0900093	0.0969066	0.101073	0.136005
-19.656 1.26056079906	 0.0458364	0.0462061	0.0486699	0.0525606	0.0666982	0.0653832	0.0672988	0.0674957	0.0679953	0.070565	0.0753928	0.0801132	0.0845569	0.0894366	0.0962669	0.100392	0.13494
-19.655 1.25305768462	 0.0456292	0.0459964	0.0484432	0.052306	0.0663327	0.0650292	0.0669285	0.0671244	0.0676198	0.0701679	0.074953	0.0796318	0.0840346	0.0888693	0.0956336	0.0997176	0.133888
-19.654 1.245622855	  0.0454234	0.0457882	0.048218	0.0520532	0.0659702	0.064678	0.0665612	0.0667562	0.0672475	0.0697741	0.0745171	0.0791546	0.0835171	0.0883074	0.0950064	0.0990499	0.132847
-19.653 1.23825546621	 0.045219	0.0455813	0.0479944	0.0518022	0.0656107	0.0643297	0.0661969	0.066391	0.0668782	0.0693836	0.074085	0.0786817	0.0830043	0.0877508	0.0943854	0.0983889	0.131819
-19.652 1.23095468757	     0.045016	0.0453758	0.0477724	0.0515531	0.0652541	0.0639842	0.0658357	0.0660287	0.066512	0.0689964	0.0736566	0.0782131	0.0824963	0.0871994	0.0937705	0.0977345	0.130803
-19.651 1.22371970139	 0.0448144	0.0451718	0.0475519	0.0513058	0.0649004	0.0636414	0.0654773	0.0656695	0.0661487	0.0686124	0.0732319	0.0777486	0.0819929	0.0866532	0.0931615	0.0970867	0.129798
-19.65 1.21654970277	             0.0446141	0.0449691	0.0473329	0.0510602	0.0645495	0.0633015	0.0651219	0.0653131	0.0657884	0.0682317	0.0728109	0.0772883	0.0814941	0.0861122	0.0925585	0.0964452	0.128805
-19.649 1.20944389934	 0.0444151	0.0447677	0.0471154	0.0508164	0.0642015	0.0629642	0.0647694	0.0649596	0.0654311	0.067854	0.0723935	0.076832	0.0809998	0.0855761	0.0919613	0.0958101	0.127823
-19.648 1.20240151101	  0.0442175	0.0445677	0.0468994	0.0505743	0.0638563	0.0626296	0.0644197	0.064609	0.0650766	0.0674795	0.0719797	0.0763798	0.08051	0.0850451	0.0913699	0.0951812	0.126853
-19.647 1.19542176976	 0.0440212	0.0443691	0.0466849	0.050334	0.0635139	0.0622977	0.0640728	0.0642612	0.0647251	0.0671081	0.0715694	0.0759315	0.0800247	0.084519	0.0907841	0.0945585	0.125893
-19.646 1.18850391938	 0.0438261	0.0441717	0.0464719	0.0500954	0.0631742	0.0619684	0.0637288	0.0639163	0.0643763	0.0667398	0.0711626	0.0754872	0.0795437	0.0839978	0.090204	0.0939419	0.124944
-19.645 1.18164721529	  0.0436324	0.0439757	0.0462603	0.0498584	0.0628373	0.0616417	0.0633875	0.0635741	0.0640304	0.0663744	0.0707593	0.0750467	0.079067	0.0834813	0.0896294	0.0933313	0.124006
-19.644 1.1748509243	 0.04344	0.043781	0.0460502	0.0496232	0.062503	0.0613176	0.0630489	0.0632346	0.0636872	0.0660121	0.0703594	0.0746101	0.0785946	0.0829697	0.0890602	0.0927266	0.123079
-19.643 1.16811432438	 0.0432488	0.0435876	0.0458415	0.0493896	0.0621714	0.060996	0.062713	0.0628979	0.0633469	0.0656527	0.0699629	0.0741773	0.0781265	0.0824627	0.0884965	0.0921278	0.122161
-19.642 1.16143670449	 0.0430589	0.0433954	0.0456342	0.0491576	0.0618424	0.060677	0.0623799	0.0625638	0.0630092	0.0652963	0.0695697	0.0737483	0.0776625	0.0819603	0.0879381	0.0915347	0.121255
-19.641 1.15481736434	   0.0428702	0.0432046	0.0454283	0.0489273	0.061516	0.0603604	0.0620493	0.0622324	0.0626742	0.0649427	0.0691798	0.0733229	0.0772026	0.0814625	0.087385	0.0909474	0.120358
-19.64 1.14825561421	 0.0426828	0.0430149	0.0452238	0.0486986	0.0611922	0.0600464	0.0617214	0.0619036	0.0623419	0.064592	0.0687932	0.0729013	0.0767468	0.0809693	0.0868371	0.0903657	0.119471
-19.639 1.14175077477	 0.0424966	0.0428266	0.0450207	0.0484715	0.060871	0.0597347	0.0613961	0.0615774	0.0620122	0.0642442	0.0684098	0.0724832	0.076295	0.0804805	0.0862943	0.0897896	0.118593
-19.638 1.13530217685	 0.0423116	0.0426394	0.044819	0.048246	0.0605522	0.0594255	0.0610733	0.0612538	0.0616851	0.0638991	0.0680296	0.0720688	0.0758472	0.0799961	0.0857566	0.0892189	0.117726
-19.637 1.12890916131	  0.0421279	0.0424535	0.0446186	0.048022	0.060236	0.0591187	0.0607531	0.0609327	0.0613606	0.0635568	0.0676526	0.0716579	0.0754033	0.079516	0.0852239	0.0886537	0.116868
-19.636 1.12257107878	  0.0419453	0.0422688	0.0444195	0.0477996	0.0599223	0.0588143	0.0604354	0.0606141	0.0610387	0.0632173	0.0672787	0.0712505	0.0749633	0.0790403	0.0846961	0.0880938	0.116019
-19.635 1.11628728957	 0.0417639	0.0420853	0.0442218	0.0475788	0.0596109	0.0585122	0.0601202	0.0602981	0.0607193	0.0628804	0.0669079	0.0708465	0.0745272	0.0785688	0.0841732	0.0875392	0.115179
-19.634 1.11005716342	  0.0415837	0.041903	0.0440253	0.0473594	0.059302	0.0582124	0.0598074	0.0599845	0.0604024	0.0625463	0.0665401	0.070446	0.0740948	0.0781016	0.0836552	0.0869898	0.114349
-19.633 1.10388007938	 0.0414046	0.0417219	0.0438302	0.0471416	0.0589955	0.0579149	0.0594971	0.0596733	0.0600879	0.0622148	0.0661754	0.0700489	0.0736662	0.0776385	0.0831419	0.0864456	0.113527
-19.632 1.09775542563	 0.0412267	0.0415419	0.0436364	0.0469253	0.0586914	0.0576197	0.0591891	0.0593645	0.0597759	0.0618859	0.0658137	0.0696551	0.0732413	0.0771795	0.0826333	0.0859065	0.112714
-19.631 1.09168259929	   0.0410499	0.0413631	0.0434439	0.0467105	0.0583896	0.0573267	0.0588836	0.0590582	0.0594664	0.0615597	0.0654549	0.0692646	0.0728201	0.0767245	0.0821294	0.0853724	0.11191
-19.63 1.0856610063	 0.0408743	0.0411855	0.0432526	0.0464971	0.0580902	0.057036	0.0585804	0.0587542	0.0591592	0.061236	0.065099	0.0688774	0.0724024	0.0762736	0.0816301	0.0848433	0.111115
-19.629 1.07969006123	 0.0406998	0.041009	0.0430626	0.0462852	0.057793	0.0567475	0.0582796	0.0584525	0.0588544	0.0609148	0.064746	0.0684934	0.0719884	0.0758266	0.0811353	0.084319	0.110328
-19.628 1.07376918717	      0.0405264	0.0408336	0.0428739	0.0460748	0.0574981	0.0564611	0.0579811	0.0581532	0.058552	0.0605962	0.0643959	0.0681127	0.0715779	0.0753836	0.080645	0.0837996	0.109549
-19.627 1.06789781551	 0.0403541	0.0406594	0.0426864	0.0458657	0.0572054	0.056177	0.0576848	0.0578561	0.0582519	0.0602801	0.0640487	0.0677351	0.0711709	0.0749444	0.0801591	0.083285	0.108779
-19.626 1.06207538587	 0.0401829	0.0404862	0.0425001	0.0456581	0.056915	0.0558949	0.0573908	0.0575614	0.057954	0.0599664	0.0637042	0.0673606	0.0707674	0.074509	0.0796776	0.0827751	0.108016
-19.625 1.05630134591	 0.0400128	0.0403142	0.042315	0.0454519	0.0566268	0.055615	0.0570991	0.0572688	0.0576585	0.0596552	0.0633625	0.0669892	0.0703673	0.0740774	0.0792004	0.0822699	0.107262
-19.624 1.05057515119	                   0.0398438	0.0401433	0.0421311	0.0452471	0.0563408	0.0553372	0.0568096	0.0569785	0.0573652	0.0593464	0.0630236	0.0666209	0.0699706	0.0736496	0.0787275	0.0817693	0.106515
-19.623 1.04489626506	 0.0396759	0.0399734	0.0419485	0.0450437	0.0560569	0.0550614	0.0565222	0.0566904	0.0570742	0.0590399	0.0626873	0.0662556	0.0695772	0.0732254	0.0782588	0.0812733	0.105777
-19.622 1.03926415849	 0.039509	0.0398046	0.041767	0.0448416	0.0557752	0.0547878	0.0562371	0.0564045	0.0567853	0.0587359	0.0623537	0.0658933	0.0691871	0.072805	0.0777943	0.0807817	0.105045
-19.621 1.03367830997	 0.0393431	0.0396369	0.0415867	0.0446409	0.0554956	0.0545161	0.0559541	0.0561208	0.0564986	0.0584342	0.0620228	0.065534	0.0688003	0.0723881	0.0773339	0.0802946	0.104322
-19.62 1.02813820535	 0.0391783	0.0394703	0.0414076	0.0444416	0.0552181	0.0542465	0.0556732	0.0558391	0.0562142	0.0581348	0.0616946	0.0651776	0.0684167	0.0719748	0.0768776	0.0798119	0.103606
-19.619 1.02264333774	 0.0390146	0.0393047	0.0412296	0.0442436	0.0549427	0.0539788	0.0553945	0.0555596	0.0559318	0.0578377	0.0613689	0.0648241	0.0680364	0.071565	0.0764253	0.0793335	0.102897
-19.618 1.01719320737	 0.0388518	0.0391401	0.0410527	0.0440469	0.0546693	0.0537131	0.0551178	0.0552822	0.0556516	0.0575429	0.0610458	0.0644735	0.0676591	0.0711587	0.075977	0.0788594	0.102195
-19.617 1.01178732147	  0.0386901	0.0389766	0.040877	0.0438515	0.0543979	0.0534494	0.0548432	0.0550068	0.0553734	0.0572503	0.0607252	0.0641257	0.0672851	0.0707558	0.0755326	0.0783896	0.101501
-19.616 1.00642519417	     0.0385294	0.0388141	0.0407024	0.0436574	0.0541286	0.0531876	0.0545706	0.0547335	0.0550974	0.0569599	0.0604071	0.0637807	0.0669141	0.0703564	0.0750921	0.0779239	0.100814
-19.615 1.00110634633	 0.0383697	0.0386526	0.040529	0.0434646	0.0538613	0.0529278	0.0543001	0.0544623	0.0548234	0.0566718	0.0600916	0.0634385	0.0665461	0.0699603	0.0746555	0.0774624	0.100133
-19.614 0.995830305483	 0.0382109	0.0384921	0.0403566	0.043273	0.0535959	0.0526698	0.0540316	0.054193	0.0545514	0.0563858	0.0597785	0.0630991	0.0661812	0.0695676	0.0742226	0.0770049	0.0994599
-19.613 0.990596605709	 0.0380532	0.0383326	0.0401853	0.0430827	0.0533325	0.0524138	0.053765	0.0539258	0.0542815	0.056102	0.0594679	0.0627623	0.0658193	0.0691782	0.0737935	0.0765515	0.0987931
-19.612 0.985404787502	 0.0378964	0.0381741	0.0400152	0.0428937	0.053071	0.0521595	0.0535005	0.0536605	0.0540136	0.0558204	0.0591596	0.0624283	0.0654604	0.068792	0.0733681	0.0761021	0.0981331
-19.611 0.980254397683	 0.0377406	0.0380166	0.0398461	0.0427059	0.0528115	0.0519072	0.0532378	0.0533971	0.0537476	0.0555408	0.0588538	0.0620969	0.0651044	0.0684091	0.0729464	0.0756566	0.0974796
-19.61 0.975144989284	 0.0375858	0.03786	0.0396781	0.0425194	0.0525538	0.0516566	0.0529771	0.0531357	0.0534836	0.0552633	0.0585503	0.0617681	0.0647512	0.0680293	0.0725283	0.0752151	0.0968326
-19.609 0.970076121452	 0.0374319	0.0377045	0.0395111	0.0423341	0.0522981	0.0514079	0.0527184	0.0528762	0.0532216	0.0549879	0.0582492	0.0614419	0.064401	0.0676527	0.0721138	0.0747773	0.0961921
-19.608 0.965047359341	 0.0372789	0.0375498	0.0393452	0.0421499	0.0520442	0.0511609	0.0524615	0.0526186	0.0529614	0.0547146	0.0579503	0.0611184	0.0640535	0.0672792	0.0717028	0.0743434	0.0955579
-19.607 0.960058274018	       0.0371269	0.0373962	0.0391803	0.041967	0.0517921	0.0509158	0.0522064	0.0523629	0.0527032	0.0544433	0.0576538	0.0607973	0.0637089	0.0669088	0.0712954	0.0739133	0.0949299
-19.606 0.955108442359	 0.0369758	0.0372434	0.0390165	0.0417853	0.0515419	0.0506724	0.0519533	0.0521091	0.0524468	0.054174	0.0573595	0.0604788	0.0633671	0.0665414	0.0708914	0.0734869	0.0943081
-19.605 0.950197446958	 0.0368256	0.0370916	0.0388537	0.0416047	0.0512934	0.0504307	0.051702	0.051857	0.0521924	0.0539067	0.0570675	0.0601628	0.063028	0.0661771	0.0704908	0.0730641	0.0936924
-19.604 0.945324876034	 0.0366764	0.0369407	0.0386919	0.0414253	0.0510468	0.0501908	0.0514524	0.0516068	0.0519397	0.0536414	0.0567777	0.0598492	0.0626916	0.0658157	0.0700936	0.072645	0.0930827
-19.603 0.940490323332	 0.036528	0.0367908	0.0385311	0.0412471	0.050802	0.0499525	0.0512047	0.0513585	0.0516889	0.053378	0.0564902	0.0595381	0.0623578	0.0654573	0.0696997	0.0722295	0.0924789
-19.602 0.935693388041	 0.0363806	0.0366417	0.0383713	0.04107	0.0505588	0.049716	0.0509588	0.0511119	0.0514399	0.0531166	0.0562047	0.0592294	0.0620268	0.0651019	0.0693092	0.0718175	0.091881
-19.601 0.930933674701	 0.036234	0.0364936	0.0382125	0.0408941	0.0503175	0.0494811	0.0507147	0.050867	0.0511927	0.0528571	0.0559215	0.0589232	0.0616984	0.0647493	0.0689219	0.0714091	0.0912889
-19.6 0.926210793116	  0.0360884	0.0363464	0.0380547	0.0407193	0.0500778	0.0492479	0.0504723	0.050624	0.0509473	0.0525995	0.0556404	0.0586192	0.0613725	0.0643995	0.0685379	0.0710041	0.0907024
-19.599 0.92152435827	 0.0359436	0.0362	0.0378979	0.0405456	0.0498399	0.0490163	0.0502316	0.0503826	0.0507036	0.0523437	0.0553614	0.0583177	0.0610493	0.0640526	0.068157	0.0706026	0.0901216
-19.598 0.916873990243	   0.0357996	0.0360545	0.037742	0.040373	0.0496037	0.0487864	0.0499926	0.050143	0.0504617	0.0520898	0.0550845	0.0580184	0.0607286	0.0637085	0.0677794	0.0702044	0.0895464
-19.597 0.91225931413	   0.0356566	0.0359099	0.0375871	0.0402015	0.0493691	0.0485581	0.0497554	0.0499051	0.0502215	0.0518378	0.0548096	0.0577214	0.0604104	0.0633671	0.0674048	0.0698097	0.0889766
-19.596 0.90767995996	 0.0355143	0.0357662	0.0374331	0.0400311	0.0491362	0.0483314	0.0495198	0.0496689	0.049983	0.0515876	0.0545368	0.0574268	0.0600947	0.0630285	0.0670334	0.0694182	0.0884123
-19.595 0.903135562614	 0.035373	0.0356233	0.0372801	0.0398618	0.0489049	0.0481062	0.0492859	0.0494343	0.0497462	0.0513392	0.0542661	0.0571343	0.0597815	0.0626926	0.066665	0.06903	0.0878533
-19.594 0.898625761755	 0.0352325	0.0354813	0.037128	0.0396935	0.0486753	0.0478827	0.0490537	0.0492014	0.0495111	0.0510925	0.0539974	0.0568441	0.0594707	0.0623594	0.0662996	0.0686451	0.0872996
-19.593 0.894150201745	   0.0350928	0.0353401	0.0369769	0.0395263	0.0484473	0.0476606	0.048823	0.0489702	0.0492777	0.0508477	0.0537306	0.0565561	0.0591624	0.0620288	0.0659373	0.0682634	0.0867511
-19.592 0.889708531571	 0.0349539	0.0351998	0.0368267	0.0393602	0.0482209	0.0474402	0.0485941	0.0487406	0.0490459	0.0506046	0.0534658	0.0562703	0.0588564	0.0617008	0.0655779	0.0678848	0.0862078
-19.591 0.885300404779	 0.0348159	0.0350603	0.0366773	0.0391951	0.047996	0.0472212	0.0483667	0.0485126	0.0488157	0.0503633	0.053203	0.0559866	0.0585528	0.0613754	0.0652214	0.0675094	0.0856695
-19.59 0.880925479392	 0.0346787	0.0349217	0.0365289	0.0390311	0.0477728	0.0470038	0.0481409	0.0482862	0.0485872	0.0501236	0.0529421	0.0557051	0.0582515	0.0610526	0.0648678	0.0671371	0.0851363
-19.589 0.876583417848	         0.0345423	0.0347838	0.0363814	0.038868	0.0475511	0.0467878	0.0479167	0.0480613	0.0483602	0.0498857	0.0526831	0.0554257	0.0579526	0.0607324	0.0645171	0.0667679	0.084608
-19.588 0.872273886927	 0.0344067	0.0346468	0.0362348	0.038706	0.0473309	0.0465734	0.047694	0.0478381	0.0481349	0.0496495	0.052426	0.0551484	0.0576559	0.0604146	0.0641693	0.0664017	0.0840847
-19.587 0.867996557683	   0.0342719	0.0345106	0.0360891	0.038545	0.0471122	0.0463604	0.0474729	0.0476163	0.0479111	0.0494149	0.0521708	0.0548732	0.0573616	0.0600993	0.0638242	0.0660385	0.0835661
-19.586 0.863751105378	 0.0341378	0.0343751	0.0359442	0.0383851	0.0468951	0.0461489	0.0472534	0.0473962	0.0476888	0.049182	0.0519175	0.0546	0.0570694	0.0597865	0.0634819	0.0656782	0.0830524
-19.585 0.859537209418	                 0.0340046	0.0342405	0.0358002	0.0382261	0.0466795	0.0459388	0.0470353	0.0471775	0.0474681	0.0489507	0.051666	0.0543289	0.0567795	0.0594762	0.0631424	0.065321	0.0825434
-19.584 0.855354553286	 0.0338722	0.0341067	0.0356571	0.038068	0.0464653	0.0457302	0.0468188	0.0469604	0.047249	0.0487211	0.0514163	0.0540598	0.0564918	0.0591682	0.0628056	0.0649666	0.082039
-19.583 0.851202824483	  0.0337405	0.0339736	0.0355149	0.037911	0.0462526	0.0455229	0.0466037	0.0467447	0.0470313	0.0484931	0.0511684	0.0537926	0.0562063	0.0588626	0.0624714	0.0646151	0.0815393
-19.582 0.847081714461	 0.0336096	0.0338414	0.0353734	0.037755	0.0460414	0.0453171	0.0463901	0.0465306	0.0468152	0.0482667	0.0509223	0.0535275	0.055923	0.0585594	0.0621399	0.0642664	0.0810441
-19.581 0.842990918568	 0.0334794	0.0337099	0.0352329	0.0375999	0.0458316	0.0451127	0.046178	0.0463179	0.0466005	0.0480418	0.050678	0.0532643	0.0556417	0.0582585	0.0618111	0.0639206	0.0805534
-19.58 0.838930135982	  0.03335	0.0335791	0.0350931	0.0374457	0.0456232	0.0449096	0.0459674	0.0461066	0.0463873	0.0478185	0.0504354	0.053003	0.0553626	0.05796	0.0614848	0.0635775	0.0800671
-19.579 0.83489906966	  0.0332214	0.0334491	0.0349542	0.0372925	0.0454163	0.0447079	0.0457582	0.0458968	0.0461756	0.0475968	0.0501946	0.0527437	0.0550856	0.0576637	0.0611612	0.0632372	0.0795852
-19.578 0.830897426272	 0.0330934	0.0333199	0.0348162	0.0371402	0.0452108	0.0445076	0.0455504	0.0456884	0.0459653	0.0473766	0.0499555	0.0524862	0.0548107	0.0573697	0.0608401	0.0628996	0.0791077
-19.577 0.826924916153	 0.0329663	0.0331914	0.0346789	0.0369889	0.0450066	0.0443086	0.045344	0.0454815	0.0457564	0.047158	0.0497181	0.0522306	0.0545378	0.0570779	0.0605215	0.0625647	0.0786344
-19.576 0.822981253241	 0.0328398	0.0330637	0.0345424	0.0368385	0.0448039	0.044111	0.045139	0.0452759	0.045549	0.0469408	0.0494823	0.0519769	0.0542669	0.0567884	0.0602054	0.0622325	0.0781654
-19.575 0.819066155026	       0.0327141	0.0329367	0.0344068	0.036689	0.0446025	0.0439146	0.0449354	0.0450718	0.045343	0.0467252	0.0492483	0.0517251	0.0539981	0.056501	0.0598917	0.0619029	0.0777006
-19.574 0.815179342494	 0.0325891	0.0328104	0.0342719	0.0365404	0.0444024	0.0437196	0.0447332	0.044869	0.0451383	0.046511	0.0490159	0.051475	0.0537313	0.0562159	0.0595805	0.061576	0.0772399
-19.573 0.811320540079	 0.0324648	0.0326849	0.0341379	0.0363927	0.0442037	0.0435259	0.0445323	0.0446676	0.0449351	0.0462983	0.0487852	0.0512268	0.0534664	0.0559328	0.0592718	0.0612516	0.0767832
-19.572 0.807489475606	 0.0323413	0.03256	0.0340046	0.0362459	0.0440064	0.0433334	0.0443328	0.0444675	0.0447332	0.0460871	0.048556	0.0509804	0.0532035	0.0556519	0.0589654	0.0609298	0.0763307
-19.571 0.803685880244	 0.0322184	0.0324359	0.0338721	0.0361	0.0438103	0.0431422	0.0441347	0.0442688	0.0445327	0.0458773	0.0483285	0.0507357	0.0529425	0.0553732	0.0586614	0.0606105	0.0758821
-19.57 0.799909488453	 0.0320963	0.0323125	0.0337404	0.035955	0.0436156	0.0429523	0.0439378	0.0440714	0.0443335	0.0456689	0.0481026	0.0504928	0.0526834	0.0550965	0.0583597	0.0602937	0.0754374
-19.569 0.79616003794	 0.0319748	0.0321898	0.0336094	0.0358109	0.0434221	0.0427637	0.0437423	0.0438753	0.0441357	0.0454619	0.0478783	0.0502516	0.0524262	0.0548218	0.0580604	0.0599793	0.0749967
-19.568 0.792437269606	  0.031854	0.0320678	0.0334792	0.0356676	0.04323	0.0425763	0.043548	0.0436805	0.0439392	0.0452564	0.0476555	0.0500122	0.0521709	0.0545493	0.0577633	0.0596675	0.0745597
-19.567 0.788740927501	 0.0317339	0.0319465	0.0333498	0.0355251	0.0430391	0.0423901	0.0433551	0.043487	0.0437439	0.0450522	0.0474343	0.0497745	0.0519175	0.0542787	0.0574685	0.059358	0.0741266
-19.566 0.785070758776	 0.0316145	0.0318259	0.0332211	0.0353836	0.0428495	0.0422051	0.0431634	0.0432948	0.04355	0.0448494	0.0472146	0.0495384	0.0516659	0.0540102	0.057176	0.059051	0.0736973
-19.565 0.781426513642	 0.0314957	0.0317059	0.0330931	0.0352428	0.0426611	0.0420213	0.0429731	0.0431039	0.0433574	0.044648	0.0469964	0.049304	0.0514161	0.0537436	0.0568857	0.0587463	0.0732717
-19.564 0.777807945319	 0.0313776	0.0315867	0.0329659	0.0351029	0.0424739	0.0418388	0.0427839	0.0429142	0.043166	0.0444479	0.0467798	0.0490713	0.0511682	0.053479	0.0565976	0.058444	0.0728497
-19.563 0.774214809995	 0.0312602	0.0314681	0.0328394	0.0349639	0.042288	0.0416574	0.042596	0.0427258	0.042976	0.0442492	0.0465646	0.0488403	0.050922	0.0532164	0.0563117	0.058144	0.0724314
-19.562 0.770646866785	  0.0311435	0.0313502	0.0327137	0.0348256	0.0421033	0.0414772	0.0424094	0.0425386	0.0427871	0.0440518	0.0463509	0.0486108	0.0506776	0.0529557	0.056028	0.0578463	0.0720167
-19.561 0.767103877683	 0.0310274	0.0312329	0.0325886	0.0346882	0.0419199	0.0412981	0.0422239	0.0423527	0.0425995	0.0438557	0.0461387	0.048383	0.0504349	0.0526969	0.0557464	0.0575509	0.0716055
-19.56 0.763585607524	 0.0309119	0.0311163	0.0324643	0.0345516	0.0417376	0.0411203	0.0420397	0.0421679	0.0424132	0.043661	0.045928	0.0481568	0.050194	0.05244	0.0554669	0.0572578	0.0711979
-19.559 0.760091823945	       0.0307971	0.0310003	0.0323407	0.0344158	0.0415565	0.0409435	0.0418567	0.0419844	0.042228	0.0434675	0.0457187	0.0479321	0.0499548	0.052185	0.0551895	0.0569668	0.0707937
-19.558 0.756622297337	  0.0306829	0.030885	0.0322178	0.0342808	0.0413765	0.0407679	0.0416749	0.0418021	0.0420441	0.0432753	0.0455108	0.0477091	0.0497174	0.0519318	0.0549142	0.0566781	0.0703929
-19.557 0.753176800815	  0.0305694	0.0307703	0.0320956	0.0341466	0.0411978	0.0405935	0.0414943	0.0416209	0.0418613	0.0430844	0.0453043	0.0474875	0.0494816	0.0516805	0.0546409	0.0563916	0.0699956
-19.556 0.749755110169	 0.0304564	0.0306563	0.0319741	0.0340131	0.0410202	0.0404201	0.0413148	0.041441	0.0416798	0.0428947	0.0450992	0.0472675	0.0492474	0.051431	0.0543697	0.0561073	0.0696016
-19.555 0.746357003834	   0.0303441	0.0305429	0.0318533	0.0338805	0.0408437	0.0402479	0.0411365	0.0412621	0.0414994	0.0427063	0.0448955	0.0470491	0.049015	0.0511832	0.0541005	0.0558251	0.0692109
-19.554 0.742982262849	 0.0302325	0.0304301	0.0317331	0.0337486	0.0406684	0.0400767	0.0409593	0.0410845	0.0413202	0.0425191	0.0446932	0.0468321	0.0487842	0.0509373	0.0538332	0.055545	0.0688235
-19.553 0.739630670818	               0.0301214	0.030318	0.0316137	0.0336175	0.0404942	0.0399067	0.0407833	0.040908	0.0411422	0.0423332	0.0444923	0.0466167	0.048555	0.0506931	0.053568	0.055267	0.0684393
-19.552 0.736302013876	  0.030011	0.0302065	0.0314949	0.0334872	0.0403211	0.0397377	0.0406084	0.0407326	0.0409653	0.0421484	0.0442927	0.0464027	0.0483274	0.0504507	0.0533047	0.0549911	0.0680583
-19.551 0.732996080653	  0.0299011	0.0300955	0.0313768	0.0333576	0.0401492	0.0395698	0.0404347	0.0405584	0.0407895	0.0419649	0.0440944	0.0461902	0.0481014	0.0502101	0.0530433	0.0547173	0.0676805
-19.55 0.729712662239	 0.0297919	0.0299852	0.0312593	0.0332288	0.0399783	0.0394029	0.040262	0.0403852	0.0406149	0.0417826	0.0438975	0.0459792	0.047877	0.0499711	0.0527839	0.0544455	0.0673059
-19.549 0.726451552146	  0.0296833	0.0298755	0.0311425	0.0331007	0.0398085	0.0392372	0.0400905	0.0402132	0.0404414	0.0416015	0.0437019	0.0457696	0.0476542	0.0497338	0.0525264	0.0541757	0.0669343
-19.548 0.723212546279	           0.0295752	0.0297664	0.0310264	0.0329733	0.0396398	0.0390724	0.03992	0.0400423	0.040269	0.0414215	0.0435076	0.0455614	0.0474329	0.0494983	0.0522707	0.0539079	0.0665658
-19.547 0.719995442899	   0.0294678	0.0296579	0.0309109	0.0328467	0.0394722	0.0389087	0.0397507	0.0398724	0.0400977	0.0412427	0.0433146	0.0453546	0.0472131	0.0492644	0.0520169	0.0536421	0.0662004
-19.546 0.71680004259	    0.0293609	0.02955	0.030796	0.0327208	0.0393056	0.038746	0.0395824	0.0397036	0.0399275	0.041065	0.0431229	0.0451493	0.0469949	0.0490321	0.0517649	0.0533783	0.0658379
-19.545 0.71362614823	 0.0292546	0.0294427	0.0306818	0.0325957	0.0391401	0.0385843	0.0394152	0.0395359	0.0397584	0.0408885	0.0429324	0.0449453	0.0467782	0.0488015	0.0515148	0.0531164	0.0654784
-19.544 0.710473564955	 0.0291489	0.029336	0.0305682	0.0324712	0.0389756	0.0384237	0.039249	0.0393693	0.0395903	0.0407132	0.0427432	0.0447428	0.046563	0.0485725	0.0512665	0.0528564	0.0651219
-19.543 0.707342100129	 0.0290437	0.0292298	0.0304553	0.0323475	0.0388121	0.038264	0.0390839	0.0392037	0.0394233	0.0405389	0.0425553	0.0445415	0.0463492	0.0483452	0.05102	0.0525984	0.0647682
-19.542 0.704231563313	  0.0289391	0.0291242	0.030343	0.0322244	0.0386497	0.0381054	0.0389198	0.0390392	0.0392574	0.0403658	0.0423685	0.0443417	0.0461369	0.0481194	0.0507752	0.0523422	0.0644175
-19.541 0.701141766238	 0.0288351	0.0290192	0.0302313	0.0321021	0.0384883	0.0379477	0.0387568	0.0388757	0.0390925	0.0401938	0.0421831	0.0441432	0.0459261	0.0478952	0.0505322	0.0520879	0.0640695
-19.54 0.698072522768	 0.0287317	0.0289148	0.0301202	0.0319805	0.0383279	0.037791	0.0385947	0.0387132	0.0389286	0.0400229	0.0419988	0.043946	0.0457167	0.0476725	0.050291	0.0518354	0.0637244
-19.539 0.695023648878	   0.0286288	0.0288109	0.0300097	0.0318595	0.0381685	0.0376353	0.0384337	0.0385517	0.0387658	0.0398531	0.0418157	0.0437501	0.0455088	0.0474514	0.0500514	0.0515847	0.0633821
-19.538 0.691994962621	 0.0285264	0.0287076	0.0298998	0.0317393	0.0380101	0.0374805	0.0382737	0.0383913	0.038604	0.0396843	0.0416338	0.0435556	0.0453023	0.0472319	0.0498136	0.0513359	0.0630425
-19.537 0.6889862841	 0.0284246	0.0286048	0.0297906	0.0316197	0.0378527	0.0373267	0.0381147	0.0382318	0.0384432	0.0395166	0.0414531	0.0433623	0.0450971	0.0470138	0.0495775	0.0510889	0.0627056
-19.536 0.68599743544	   0.0283234	0.0285026	0.0296819	0.0315008	0.0376963	0.0371738	0.0379567	0.0380733	0.0382834	0.03935	0.0412736	0.0431703	0.0448934	0.0467973	0.049343	0.0508436	0.0623714
-19.535 0.683028240762	  0.0282227	0.0284009	0.0295738	0.0313825	0.0375408	0.0370219	0.0377997	0.0379158	0.0381246	0.0391844	0.0410953	0.0429796	0.044691	0.0465822	0.0491102	0.0506002	0.0620399
-19.534 0.680078526154	 0.0281225	0.0282998	0.0294663	0.031265	0.0373863	0.0368709	0.0376436	0.0377593	0.0379668	0.0390199	0.0409181	0.0427901	0.04449	0.0463687	0.048879	0.0503584	0.0617111
-19.533 0.677148119647	   0.0280229	0.0281992	0.0293594	0.031148	0.0372327	0.0367208	0.0374885	0.0376038	0.03781	0.0388564	0.040742	0.0426019	0.0442904	0.0461566	0.0486495	0.0501184	0.0613848
-19.532 0.674236851184	 0.0279237	0.0280991	0.0292531	0.0310318	0.0370801	0.0365716	0.0373344	0.0374492	0.0376541	0.0386939	0.0405671	0.042415	0.0440921	0.0459459	0.0484216	0.0498801	0.0610611
-19.531 0.6713445526	 0.0278251	0.0279996	0.0291474	0.0309162	0.0369284	0.0364233	0.0371812	0.0372956	0.0374992	0.0385325	0.0403933	0.0422292	0.0438951	0.0457367	0.0481953	0.0496435	0.06074
-19.53 0.668471057592	 0.0277271	0.0279006	0.0290422	0.0308012	0.0367777	0.036276	0.0370289	0.0371429	0.0373452	0.038372	0.0402206	0.0420447	0.0436995	0.0455289	0.0479705	0.0494086	0.0604214
-19.529 0.665616201695	  0.0276295	0.0278021	0.0289376	0.0306869	0.0366278	0.0361295	0.0368776	0.0369911	0.0371922	0.0382126	0.040049	0.0418614	0.0435051	0.0453226	0.0477473	0.0491753	0.0601053
-19.528 0.662779822261	    0.0275325	0.0277042	0.0288335	0.0305732	0.0364789	0.0359839	0.0367272	0.0368403	0.0370402	0.0380541	0.0398786	0.0416793	0.0433121	0.0451176	0.0475257	0.0489437	0.0597916
-19.527 0.659961758429	    0.027436	0.0276068	0.0287301	0.0304601	0.0363309	0.0358392	0.0365777	0.0366904	0.036889	0.0378967	0.0397092	0.0414984	0.0431203	0.044914	0.0473057	0.0487137	0.0594804
-19.526 0.657161851106	         0.0273399	0.0275098	0.0286271	0.0303477	0.0361838	0.0356954	0.0364291	0.0365414	0.0367388	0.0377402	0.0395408	0.0413186	0.0429298	0.0447118	0.0470871	0.0484853	0.0591717
-19.525 0.654379942941	 0.0272444	0.0274134	0.0285248	0.0302359	0.0360376	0.0355524	0.0362815	0.0363933	0.0365895	0.0375846	0.0393736	0.04114	0.0427405	0.044511	0.0468701	0.0482585	0.0588653
-19.524 0.6516158783	 0.0271494	0.0273175	0.0284229	0.0301247	0.0358922	0.0354103	0.0361347	0.0362461	0.0364411	0.0374301	0.0392074	0.0409626	0.0425525	0.0443115	0.0466545	0.0480334	0.0585613
-19.523 0.648869503251	   0.0270549	0.0272221	0.0283217	0.0300141	0.0357478	0.035269	0.0359888	0.0360998	0.0362936	0.0372765	0.0390422	0.0407863	0.0423658	0.0441133	0.0464404	0.0478098	0.0582597
-19.522 0.646140665531	  0.0269608	0.0271272	0.0282209	0.0299041	0.0356042	0.0351286	0.0358438	0.0359544	0.0361471	0.0371238	0.0388781	0.0406112	0.0421802	0.0439165	0.0462279	0.0475877	0.0579603
-19.521 0.643429214533	  0.0268673	0.0270328	0.0281207	0.0297948	0.0354615	0.034989	0.0356997	0.0358099	0.0360013	0.0369721	0.0387151	0.0404371	0.0419959	0.043721	0.0460167	0.0473672	0.0576633
-19.52 0.640735001279	     0.0267742	0.0269389	0.0280211	0.029686	0.0353196	0.0348502	0.0355565	0.0356662	0.0358565	0.0368212	0.038553	0.0402642	0.0418128	0.0435267	0.045807	0.0471482	0.0573686
-19.519 0.6380578784	 0.0266817	0.0268455	0.0279219	0.0295778	0.0351786	0.0347123	0.0354141	0.0355234	0.0357126	0.0366714	0.038392	0.0400924	0.0416309	0.0433338	0.0455988	0.0469308	0.0570761
-19.518 0.635397700116	  0.0265896	0.0267525	0.0278233	0.0294702	0.0350384	0.0345752	0.0352725	0.0353814	0.0355695	0.0365224	0.038232	0.0399217	0.0414501	0.0431422	0.0453919	0.0467148	0.0567858
-19.517 0.632754322215	 0.026498	0.0266601	0.0277252	0.0293632	0.0348991	0.0344389	0.0351318	0.0352403	0.0354272	0.0363743	0.0380729	0.0397521	0.0412706	0.0429518	0.0451865	0.0465003	0.0564978
-19.516 0.630127602029	 0.0264068	0.0265681	0.0276276	0.0292568	0.0347606	0.0343034	0.034992	0.0351001	0.0352859	0.0362271	0.0379149	0.0395836	0.0410922	0.0427627	0.0449824	0.0462873	0.0562119
-19.515 0.627517398422	 0.0263161	0.0264766	0.0275306	0.029151	0.0346229	0.0341687	0.034853	0.0349607	0.0351453	0.0360809	0.0377578	0.0394161	0.040915	0.0425748	0.0447798	0.0460758	0.0559282
-19.514 0.624923571761	 0.0262259	0.0263855	0.027434	0.0290457	0.034486	0.0340348	0.0347148	0.0348221	0.0350056	0.0359355	0.0376018	0.0392497	0.0407389	0.0423882	0.0445785	0.0458657	0.0556466
-19.513 0.622345983903	     0.0261362	0.026295	0.027338	0.028941	0.0343499	0.0339017	0.0345774	0.0346843	0.0348667	0.035791	0.0374467	0.0390843	0.0405639	0.0422027	0.0443785	0.045657	0.0553672
-19.512 0.619784498173	 0.0260469	0.0262049	0.0272424	0.0288369	0.0342147	0.0337693	0.0344408	0.0345474	0.0347287	0.0356473	0.0372925	0.03892	0.0403901	0.0420185	0.0441799	0.0454498	0.0550899
-19.511 0.617238979346	 0.0259581	0.0261152	0.0271474	0.0287333	0.0340802	0.0336378	0.0343051	0.0344112	0.0345915	0.0355045	0.0371393	0.0387567	0.0402173	0.0418356	0.0439826	0.045244	0.0548146
-19.51 0.614709293626	 0.0258697	0.0260261	0.0270528	0.0286303	0.0339466	0.0335069	0.0341701	0.0342759	0.0344551	0.0353626	0.036987	0.0385945	0.0400457	0.0416537	0.0437867	0.0450395	0.0545414
-19.509 0.612195308634	 0.0257818	0.0259373	0.0269588	0.0285278	0.0338137	0.0333769	0.034036	0.0341413	0.0343195	0.0352215	0.0368357	0.0384332	0.0398752	0.0414731	0.043592	0.0448365	0.0542702
-19.508 0.609696893382	  0.0256943	0.0258491	0.0268652	0.0284259	0.0336816	0.0332476	0.0339026	0.0340076	0.0341846	0.0350813	0.0366853	0.038273	0.0397058	0.0412937	0.0433986	0.0446348	0.0540011
-19.507 0.607213918261	 0.0256073	0.0257612	0.0267722	0.0283245	0.0335502	0.0331191	0.03377	0.0338746	0.0340506	0.0349419	0.0365358	0.0381138	0.0395374	0.0411154	0.0432066	0.0444344	0.0537339
-19.506 0.60474625502	 0.0255207	0.0256739	0.0266796	0.0282237	0.0334197	0.0329913	0.0336382	0.0337424	0.0339174	0.0348033	0.0363872	0.0379555	0.0393701	0.0409383	0.0430158	0.0442355	0.0534687
-19.505 0.602293776751	 0.0254345	0.0255869	0.0265874	0.0281234	0.0332899	0.0328642	0.0335072	0.033611	0.0337849	0.0346656	0.0362396	0.0377983	0.0392039	0.0407623	0.0428262	0.0440378	0.0532055
-19.504 0.599856357872	  0.0253488	0.0255004	0.0264958	0.0280237	0.0331608	0.0327379	0.0333769	0.0334803	0.0336533	0.0345286	0.0360928	0.037642	0.0390387	0.0405874	0.0426379	0.0438415	0.0529442
-19.503 0.597433874109	     0.0252635	0.0254144	0.0264046	0.0279244	0.0330325	0.0326123	0.0332474	0.0333504	0.0335224	0.0343925	0.0359469	0.0374867	0.0388746	0.0404137	0.0424509	0.0436465	0.0526849
-19.502 0.595026202479	   0.0251787	0.0253288	0.026314	0.0278257	0.032905	0.0324874	0.0331186	0.0332213	0.0333922	0.0342572	0.0358019	0.0373323	0.0387115	0.040241	0.042265	0.0434527	0.0524274
-19.501 0.592633221275	 0.0250942	0.0252436	0.0262237	0.0277276	0.0327781	0.0323633	0.0329906	0.0330929	0.0332628	0.0341227	0.0356578	0.0371789	0.0385494	0.0400695	0.0420804	0.0432603	0.0521718
-19.5 0.590254810052	 0.0250102	0.0251588	0.026134	0.0276299	0.032652	0.0322398	0.0328633	0.0329653	0.0331342	0.0339889	0.0355145	0.0370264	0.0383883	0.0398991	0.041897	0.0430692	0.0519181
