-20 0.677608940622	0.191913	0.185692	0.110983	0.0967509	0.0918884
-19.999 0.683169825605	 0.193716	0.187409	0.111777	0.0973978	0.0924879
-19.998 0.688801071326	 0.195544	0.18915	0.11258	0.0980511	0.0930932
-19.997 0.694503894345	 0.197399	0.190915	0.113392	0.098711	0.0937045
-19.996 0.700279538097	 0.19928	0.192705	0.114213	0.0993776	0.0943219
-19.995 0.706129273611	 0.201188	0.19452	0.115043	0.100051	0.0949453
-19.994 0.712054400262	 0.203123	0.196361	0.115881	0.100731	0.095575
-19.993 0.718056246545	 0.205087	0.198228	0.116729	0.101418	0.0962109
-19.992 0.724136170872	 0.207079	0.200122	0.117586	0.102113	0.0968532
-19.991 0.730295562396	 0.209101	0.202043	0.118453	0.102814	0.097502
-19.99 0.73653584186	 0.211152	0.203992	0.119329	0.103523	0.0981573
-19.989 0.74285846248	 0.213233	0.205969	0.120215	0.104239	0.0988192
-19.988 0.749264910848	 0.215345	0.207975	0.121111	0.104962	0.0994878
-19.987 0.755756707874	 0.217489	0.210011	0.122017	0.105693	0.100163
-19.986 0.762335409754	 0.219665	0.212076	0.122934	0.106432	0.100846
-19.985 0.769002608967	 0.221873	0.214173	0.12386	0.107178	0.101535
-19.984 0.77575993532	 0.224116	0.2163	0.124797	0.107933	0.102231
-19.983 0.782609057007	 0.226392	0.218459	0.125745	0.108695	0.102935
-19.982 0.789551681725	 0.228703	0.220651	0.126703	0.109465	0.103646
-19.981 0.796589557812	 0.23105	0.222875	0.127673	0.110244	0.104364
-19.98 0.803724475436	 0.233432	0.225134	0.128654	0.111031	0.10509
-19.979 0.810958267816	 0.235852	0.227427	0.129646	0.111826	0.105823
-19.978 0.81829281249	 0.23831	0.229755	0.130649	0.11263	0.106564
-19.977 0.82573003263	 0.240806	0.232119	0.131665	0.113443	0.107313
-19.976 0.833271898394	 0.243342	0.23452	0.132692	0.114265	0.10807
-19.975 0.840920428335	 0.245918	0.236958	0.133731	0.115095	0.108835
-19.974 0.848677690856	 0.248535	0.239434	0.134782	0.115935	0.109608
-19.973 0.856545805717	 0.251194	0.24195	0.135846	0.116783	0.110389
-19.972 0.864526945596	 0.253895	0.244505	0.136923	0.117642	0.111179
-19.971 0.872623337706	 0.256641	0.247101	0.138012	0.118509	0.111977
-19.97 0.880837265475	 0.259431	0.249738	0.139114	0.119386	0.112783
-19.969 0.889171070277	 0.262267	0.252417	0.14023	0.120273	0.113599
-19.968 0.89762715324	 0.26515	0.25514	0.141359	0.12117	0.114423
-19.967 0.906207977107	 0.26808	0.257908	0.142502	0.122077	0.115257
-19.966 0.914916068178	 0.27106	0.26072	0.143659	0.122994	0.116099
-19.965 0.923754018317	 0.274089	0.263579	0.144829	0.123922	0.116951
-19.964 0.932724487036	 0.277169	0.266485	0.146015	0.12486	0.117812
-19.963 0.94183020366	 0.280301	0.269439	0.147214	0.125809	0.118683
-19.962 0.951073969568	 0.283487	0.272442	0.148429	0.126768	0.119563
-19.961 0.960458660527	 0.286727	0.275496	0.149659	0.127739	0.120453
-19.96 0.969987229112	 0.290023	0.278602	0.150904	0.128721	0.121353
-19.959 0.97966270722	 0.293376	0.28176	0.152164	0.129714	0.122264
-19.958 0.989488208677	 0.296787	0.284972	0.153441	0.130719	0.123184
-19.957 0.999466931957	 0.300258	0.28824	0.154734	0.131735	0.124115
-19.956 1.009602163	 0.303791	0.291563	0.156043	0.132764	0.125057
-19.955 1.01989727814	 0.307386	0.294945	0.157368	0.133804	0.126009
-19.954 1.03035574715	 0.311045	0.298386	0.158711	0.134857	0.126972
-19.953 1.04098113644	 0.31477	0.301887	0.160071	0.135922	0.127947
-19.952 1.0517771123	 0.318562	0.30545	0.161448	0.137	0.128932
-19.951 1.06274744438	 0.322423	0.309077	0.162843	0.13809	0.129929
-19.95 1.07389600925	 0.326354	0.312768	0.164257	0.139194	0.130938
-19.949 1.08522679409	 0.330358	0.316526	0.165689	0.140311	0.131958
-19.948 1.0967439006	 0.334436	0.320352	0.167139	0.141441	0.132991
-19.947 1.10845154901	 0.338589	0.324247	0.168609	0.142586	0.134035
-19.946 1.12035408227	 0.34282	0.328214	0.170098	0.143744	0.135092
-19.945 1.13245597046	 0.347131	0.332254	0.171607	0.144916	0.136162
-19.944 1.1447618153	 0.351524	0.336369	0.173136	0.146103	0.137244
-19.943 1.15727635496	 0.356001	0.340561	0.174686	0.147304	0.138339
-19.942 1.170004469	 0.360563	0.344832	0.176257	0.14852	0.139447
-19.941 1.18295118352	 0.365213	0.349183	0.177849	0.149752	0.140569
-19.94 1.19612167659	 0.369954	0.353617	0.179462	0.150998	0.141704
-19.939 1.20952128387	 0.374788	0.358136	0.181098	0.152261	0.142853
-19.938 1.22315550449	   0.379717	0.362742	0.182756	0.153539	0.144016
-19.937 1.23703000721	 0.384744	0.367437	0.184436	0.154833	0.145193
-19.936 1.25115063682	 0.389871	0.372224	0.186141	0.156144	0.146385
-19.935 1.26552342084	 0.395101	0.377105	0.187868	0.157471	0.147591
-19.934 1.28015457656	 0.400437	0.382083	0.18962	0.158816	0.148813
-19.933 1.29505051831	 0.405881	0.387159	0.191397	0.160178	0.15005
-19.932 1.3102178652	 0.411437	0.392337	0.193199	0.161557	0.151302
-19.931 1.32566344907	 0.417108	0.39762	0.195026	0.162954	0.15257
-19.93 1.3413943229	 0.422897	0.40301	0.196879	0.164369	0.153853
-19.929 1.35741776961	 0.428806	0.408509	0.198759	0.165803	0.155154
-19.928 1.37374131125	 0.43484	0.414123	0.200665	0.167256	0.15647
-19.927 1.39037271858	 0.441003	0.419852	0.2026	0.168728	0.157804
-19.926 1.40732002126	 0.447297	0.425701	0.204562	0.170219	0.159154
-19.925 1.42459151834	 0.453726	0.431673	0.206553	0.171731	0.160522
-19.924 1.4421957894	 0.460295	0.437771	0.208573	0.173262	0.161908
-19.923 1.46014170615	 0.467007	0.443999	0.210623	0.174814	0.163312
-19.922 1.47843844469	 0.473867	0.450361	0.212703	0.176387	0.164734
-19.921 1.49709549825	 0.480879	0.45686	0.214814	0.177981	0.166174
-19.92 1.51612269069	 0.488047	0.4635	0.216957	0.179597	0.167634
-19.919 1.53553019063	 0.495376	0.470286	0.219132	0.181235	0.169113
-19.918 1.55532852625	 0.502872	0.477222	0.22134	0.182896	0.170612
-19.917 1.57552860095	 0.510538	0.484313	0.223581	0.184579	0.17213
-19.916 1.59614170969	 0.518381	0.491562	0.225857	0.186286	0.173669
-19.915 1.61717955633	 0.526406	0.498974	0.228167	0.188016	0.175229
-19.914 1.63865427171	 0.534617	0.506556	0.230513	0.189771	0.176809
-19.913 1.66057843282	  0.543023	0.514311	0.232895	0.19155	0.178412
-19.912 1.68296508288	 0.551627	0.522245	0.235314	0.193355	0.180036
-19.911 1.70582775261	 0.560437	0.530364	0.237772	0.195185	0.181682
-19.91 1.72918048255	 0.56946	0.538673	0.240267	0.197041	0.183351
-19.909 1.75303784662	 0.578701	0.547179	0.242803	0.198924	0.185043
-19.908 1.777414977	 0.588169	0.555887	0.245378	0.200834	0.186759
-19.907 1.80232759039	 0.59787	0.564804	0.247995	0.202771	0.188498
-19.906 1.82779201563	 0.607813	0.573937	0.250654	0.204737	0.190262
-19.905 1.85382522305	 0.618006	0.583293	0.253356	0.206731	0.192051
-19.904 1.88044485534	 0.628456	0.592879	0.256101	0.208755	0.193865
-19.903 1.90766926022	 0.639173	0.602702	0.258892	0.210808	0.195705
-19.902 1.93551752504	 0.650165	0.612771	0.261728	0.212892	0.197571
-19.901 1.96400951331	 0.661443	0.623094	0.264611	0.215007	0.199464
-19.9 1.99316590348	 0.673017	0.63368	0.267542	0.217154	0.201385
-19.899 2.02300822989	 0.684895	0.644537	0.270522	0.219333	0.203333
-19.898 2.05355892628	 0.69709	0.655674	0.273552	0.221544	0.20531
-19.897 2.08484137183	 0.709613	0.667102	0.276633	0.22379	0.207315
-19.896 2.11687994003	 0.722475	0.67883	0.279766	0.226069	0.20935
-19.895 2.14970005058	 0.735689	0.69087	0.282953	0.228384	0.211415
-19.894 2.18332822443	 0.749268	0.703231	0.286194	0.230734	0.213511
-19.893 2.2177921423	 0.763226	0.715927	0.289491	0.233121	0.215638
-19.892 2.2531207069	 0.777575	0.728968	0.292846	0.235545	0.217797
-19.891 2.28934410903	 0.792332	0.742368	0.296259	0.238006	0.219989
-19.89 2.32649389801	 0.807511	0.75614	0.299732	0.240507	0.222213
-19.889 2.36460305663	 0.82313	0.770297	0.303267	0.243047	0.224472
-19.888 2.40370608096	 0.839204	0.784855	0.306864	0.245628	0.226765
-19.887 2.44383906553	 0.855752	0.799828	0.310525	0.24825	0.229094
-19.886 2.48503979407	 0.872793	0.815231	0.314253	0.250914	0.231458
-19.885 2.52734783643	 0.890346	0.831083	0.318048	0.253621	0.23386
-19.884 2.57080465206	 0.908432	0.8474	0.321912	0.256372	0.236299
-19.883 2.61545370063	 0.927073	0.8642	0.325846	0.259168	0.238776
-19.882 2.66134056022	 0.946291	0.881503	0.329853	0.26201	0.241292
-19.881 2.7085130539	 0.966111	0.89933	0.333935	0.264899	0.243848
-19.88 2.7570213852	 0.986557	0.9177	0.338092	0.267836	0.246445
-19.879 2.80691828324	 1.00766	0.936637	0.342328	0.270822	0.249084
-19.878 2.8582591584	 1.02944	0.956164	0.346643	0.273858	0.251765
-19.877 2.91110226933	 1.05193	0.976306	0.351041	0.276945	0.25449
-19.876 2.96550890218	 1.07516	0.997088	0.355522	0.280085	0.257259
-19.875 3.02154356333	 1.09917	1.01854	0.36009	0.283279	0.260073
-19.874 3.07927418655	 1.12399	1.04068	0.364746	0.286527	0.262934
-19.873 3.1387723559	 1.14965	1.06356	0.369493	0.289832	0.265843
-19.872 3.20011354585	 1.1762	1.08719	0.374334	0.293194	0.2688
-19.871 3.26337738008	  1.20368	1.11162	0.379269	0.296615	0.271806
-19.87 3.32864791058	 1.23212	1.13687	0.384303	0.300096	0.274863
-19.869 3.39601391901	 1.26158	1.16299	0.389438	0.303638	0.277972
-19.868 3.46556924229	 1.2921	1.19002	0.394676	0.307243	0.281134
-19.867 3.53741312472	 1.32374	1.218	0.40002	0.310913	0.28435
-19.866 3.61165059902	 1.35655	1.24696	0.405473	0.314649	0.287621
-19.865 3.68839289921	  1.39058	1.27697	0.411039	0.318453	0.290949
-19.864 3.7677579082	 1.42591	1.30807	0.416719	0.322326	0.294336
-19.863 3.84987064361	 1.46259	1.34032	0.422518	0.32627	0.297781
-19.862 3.93486378551	 1.5007	1.37376	0.428439	0.330287	0.301288
-19.861 4.0228782503	 1.5403	1.40847	0.434485	0.334378	0.304856
-19.86 4.11406381528	 1.58148	1.44449	0.440659	0.338546	0.308488
-19.859 4.20857979924	 1.62433	1.48191	0.446966	0.342792	0.312186
-19.858 4.30659580469	 1.66893	1.5208	0.453408	0.347118	0.31595
-19.857 4.40829252829	 1.71538	1.56122	0.459991	0.351526	0.319783
-19.856 4.51386264661	 1.76378	1.60327	0.466718	0.356019	0.323686
-19.855 4.62351178541	 1.81424	1.64703	0.473593	0.360599	0.32766
-19.854 4.73745958134	 1.86688	1.69259	0.480621	0.365267	0.331709
-19.853 4.85594084637	 1.92183	1.74005	0.487807	0.370027	0.335832
-19.852 4.97920684628	 1.97922	1.78952	0.495154	0.374879	0.340033
-19.851 5.10752670619	 2.0392	1.84112	0.502668	0.379828	0.344313
-19.85 5.24118895747	 2.10192	1.89497	0.510355	0.384875	0.348674
-19.849 5.38050324267	 2.16755	1.95119	0.518218	0.390024	0.353119
-19.848 5.52580219669	 2.23628	2.00993	0.526264	0.395276	0.357648
-19.847 5.67744352552	 2.3083	2.07134	0.534499	0.400635	0.362266
-19.846 5.83581230601	 2.38382	2.13559	0.542928	0.406103	0.366973
-19.845 6.00132353406	  2.46307	2.20284	0.551558	0.411684	0.371773
-19.844 6.1744249517	 2.5463	2.27329	0.560394	0.417381	0.376667
-19.843 6.35560018835	 2.63376	2.34714	0.569444	0.423196	0.381658
-19.842 6.54537225624	 2.72576	2.42461	0.578715	0.429134	0.386749
-19.841 6.74430744575	 2.82261	2.50594	0.588213	0.435197	0.391943
-19.84 6.95301967325	 2.92465	2.59139	0.597946	0.44139	0.397241
-19.839 7.17217534144	 3.03226	2.68123	0.607923	0.447715	0.402648
-19.838 7.40249878166	 3.14583	2.77577	0.61815	0.454177	0.408165
-19.837 7.64477835763	 3.26582	2.87535	0.628637	0.46078	0.413797
-19.836 7.89987332265	 3.3927	2.9803	0.639393	0.467527	0.419546
-19.835 8.16872153651	 3.52701	3.09104	0.650426	0.474424	0.425415
-19.834 8.45234816511	 3.66933	3.20798	0.661747	0.481474	0.431408
-19.833 8.75187550535	 3.82031	3.33159	0.673365	0.488681	0.437528
-19.832 9.06853410118	 3.98063	3.46238	0.68529	0.496052	0.443779
-19.831 9.40367534372	 4.15108	3.6009	0.697535	0.50359	0.450165
-19.83 9.75878578033	 4.33251	3.74777	0.710109	0.511301	0.456689
-19.829 10.1355033955	 4.52586	3.90366	0.723026	0.51919	0.463356
-19.828 10.5356361711	 4.73218	4.06932	0.736297	0.527263	0.47017
-19.827 10.9611832861	 4.95263	4.24555	0.749935	0.535525	0.477135
-19.826 11.4143593786	 5.1885	4.43325	0.763955	0.543983	0.484255
-19.825 11.8976223673	 5.44122	4.63344	0.778371	0.552642	0.491536
-19.824 12.4137054174	 5.7124	4.84721	0.793197	0.561508	0.498982
-19.823 12.965653738	 6.00382	5.07579	0.80845	0.57059	0.506598
-19.822 13.5568670253	 6.31748	5.32054	0.824145	0.579893	0.514389
-19.821 14.1911485047	 6.65565	5.583	0.8403	0.589425	0.522362
-19.82 14.8727617037	 7.02085	5.86485	0.856933	0.599193	0.53052
-19.819 15.6064962794	 7.41593	6.16801	0.874063	0.609205	0.538871
-19.818 16.3977444664	 7.84411	6.49461	0.89171	0.61947	0.54742
-19.817 17.2525899734	 8.30905	6.84705	0.909895	0.629996	0.556173
-19.816 18.1779114695	 8.81489	7.22803	0.928639	0.640792	0.565138
-19.815 19.1815031427	 9.36633	7.64059	0.947967	0.651866	0.574321
-19.814 20.2722151867	 9.96873	8.0882	0.967902	0.66323	0.583728
-19.813 21.4601174581	 10.6282	8.57475	0.98847	0.674893	0.593369
-19.812 22.7566899168	 11.3518	9.10469	1.0097	0.686865	0.603249
-19.811 24.1750437502	 12.1474	9.68307	1.03161	0.699157	0.613378
-19.81 25.7301772	 13.0243	10.3157	1.05425	0.711782	0.623764
-19.809 27.4392698821	 13.993	11.009	1.07763	0.724751	0.634414
-19.808 29.3220185496	 15.0657	11.7707	1.1018	0.738076	0.645339
-19.807 31.401015357	 16.2561	12.6093	1.12678	0.751771	0.656548
-19.806 33.7021660585	 17.5803	13.5349	1.15263	0.765849	0.668051
-19.805 36.2551391366	 19.0565	14.5586	1.17936	0.780326	0.679858
-19.804 39.0938259821	 20.7055	15.6937	1.20703	0.795215	0.69198
-19.803 42.2567744745	 22.5506	16.955	1.23569	0.810533	0.704428
-19.802 45.7875300859	 24.6183	18.3599	1.26537	0.826297	0.717214
-19.801 49.7347749649	 26.9375	19.9278	1.29612	0.842523	0.73035
-19.8 54.1520898831	 29.5395	21.681	1.32801	0.859231	0.743849
-19.799 59.0970689877	 32.4567	23.6446	1.36108	0.876438	0.757725
-19.798 64.6293867269	 35.7209	25.8464	1.39539	0.894166	0.771992
-19.797 70.807250492	 39.3597	28.3169	1.43101	0.912435	0.786664
-19.796 77.6814901921	 43.3919	31.088	1.46801	0.931268	0.801757
-19.795 85.2863956157	 47.8191	34.1923	1.50644	0.950687	0.817287
-19.794 93.6264440257	 52.6156	37.6598	1.5464	0.970718	0.833271
-19.793 102.658497383	 57.7146	41.5143	1.58796	0.991386	0.849727
-19.792 112.270220121	 62.9929	45.7661	1.6312	1.01272	0.866673
-19.791 122.257666432	 68.2583	50.4036	1.67623	1.03474	0.88413
-19.79 132.308098609	 73.2444	55.3803	1.72312	1.05749	0.902117
-19.789 141.997038459	 77.6225	60.6002	1.77201	1.081	0.920657
-19.788 150.808968507	 81.0368	65.9035	1.82298	1.10529	0.939773
-19.787 158.186376399	 83.1632	71.0564	1.87617	1.13041	0.959487
-19.786 163.601875967	 83.7782	75.7551	1.93169	1.15638	0.979826
-19.785 166.637647796	 82.8139	79.6493	1.98971	1.18326	1.00082
-19.784 167.052386435	   80.376	82.3917	2.05035	1.21109	1.02248
-19.783 164.820506259	 76.7164	83.7049	2.11377	1.2399	1.04486
-19.782 160.136419605	 72.172	83.4458	2.18017	1.26975	1.06798
-19.781 153.383153311	 67.097	81.6432	2.24971	1.30068	1.09187
-19.78 145.070694589	 61.8082	78.4899	2.32259	1.33275	1.11656
-19.779 135.757548041	 56.556	74.2938	2.39904	1.36601	1.1421
-19.778 125.975067588	 51.5161	69.41	2.47929	1.40053	1.16852
-19.777 116.172130201	 46.798	64.1777	2.56359	1.43636	1.19587
-19.776 106.688057715	 42.4579	58.8796	2.65222	1.47358	1.22418
-19.775 97.7509648731	 38.5144	53.7248	2.74547	1.51226	1.2535
-19.774 89.4926283317	 34.9612	48.8509	2.84366	1.55247	1.28388
-19.773 81.9704207829	 31.777	44.336	2.94715	1.59429	1.31538
-19.772 75.1894845215	 28.933	40.2138	3.05632	1.63781	1.34804
-19.771 69.1215471092	 26.3969	36.4875	3.17159	1.68313	1.38192
-19.77 63.7192287808	 24.1364	33.1414	3.29341	1.73034	1.4171
-19.769 58.9260781714	 22.1208	30.1493	3.42229	1.77955	1.45362
-19.768 54.6831448128	 20.3216	27.4798	3.55876	1.83088	1.49157
-19.767 50.9329945833	 18.7132	25.1005	3.70343	1.88444	1.53101
-19.766 47.6219571833	 17.2726	22.9796	3.85695	1.94037	1.57203
-19.765 44.7012140699	 15.9797	21.0875	4.02005	1.9988	1.61471
-19.764 42.1271626657	 14.8168	19.3973	4.19354	2.05989	1.65913
-19.763 39.861353445	 13.7685	17.8849	4.37828	2.12379	1.70541
-19.762 37.8701938393	 12.8213	16.5289	4.57526	2.19069	1.75363
-19.761 36.1245413353	 11.9633	15.3105	4.78556	2.26078	1.80391
-19.76 34.5992601586	 11.1845	14.2133	5.01037	2.33424	1.85636
-19.759 33.2727847544	 10.4759	13.2229	5.25103	2.41131	1.91113
-19.758 32.1267135648	 9.82976	12.3269	5.50902	2.49222	1.96833
-19.757 31.1454444843	 9.23923	11.5144	5.78602	2.57723	2.02811
-19.756 30.3158561914	 8.6984	10.7759	6.08386	2.66661	2.09064
-19.755 29.6270354951	    8.20208	10.1031	6.40464	2.76066	2.15607
-19.754 29.0700487331	 7.74567	9.48891	6.75069	2.85972	2.2246
-19.753 28.6377543505	 7.32517	8.92692	7.12465	2.96414	2.29642
-19.752 28.3246535947	 6.93702	8.41166	7.52948	3.07432	2.37173
-19.751 28.1267764789	 6.57809	7.93826	7.96854	3.19066	2.45078
-19.75 28.041600618	 6.24559	7.50249	8.44563	3.31364	2.5338
-19.749 28.0680010992	 5.93707	7.10058	8.96507	3.44377	2.62106
-19.748 28.2062301582	 5.65033	6.72923	9.53177	3.58159	2.71286
-19.747 28.4579260361	 5.38342	6.3855	10.1513	3.72772	2.80951
-19.746 28.8261509509	 5.13459	6.06679	10.8301	3.88283	2.91135
-19.745 29.3154585958	 4.90228	5.7708	11.5755	4.04765	3.01876
-19.744 29.9319918909	 4.68508	5.49547	12.3959	4.223	3.13214
-19.743 30.6836117828	 4.48175	5.23896	13.3007	4.40977	3.25195
-19.742 31.5800575203	 4.29114	4.99964	14.3012	4.60896	3.37866
-19.741 32.6331377784	 4.11224	4.77603	15.4099	4.82166	3.51281
-19.74 33.8569498199	 3.94412	4.56682	16.6415	5.04911	3.65498
-19.739 35.2681199103	 3.78595	4.37082	18.0124	5.29265	3.80582
-19.738 36.8860514106	 3.63696	4.18696	19.5418	5.55381	3.96603
-19.737 38.7331558206	   3.49648	4.01427	21.2513	5.83428	4.1364
-19.736 40.835024277	 3.36387	3.85189	23.1651	6.13595	4.31777
-19.735 43.2204694498	 3.23857	3.69901	25.3104	6.46095	4.51109
-19.734 45.921326231	 3.12006	3.55494	27.7168	6.81167	4.71743
-19.733 48.9718391381	 3.00785	3.419	30.4158	7.19078	4.93794
-19.732 52.4073804759	 2.90152	3.29061	33.4395	7.60134	5.17393
-19.731 56.2621353683	 2.80067	3.16923	36.8181	8.04676	5.42684
-19.73 60.5652682922	 2.70493	3.05436	40.5763	8.53094	5.69827
-19.729 65.3349866499	 2.61397	2.94555	44.7266	9.05829	5.99004
-19.728 70.5699245642	 2.52747	2.84239	49.2615	9.63384	6.30417
-19.727 76.2375455421	 2.44516	2.74449	54.1411	10.2633	6.64291
-19.726 82.2600555792	  2.36676	2.65152	59.2791	10.9533	7.00884
-19.725 88.4999041416	 2.29204	2.56314	64.5281	11.7112	7.40481
-19.724 94.7493927489	 2.22077	2.47907	69.6692	12.5457	7.8341
-19.723 100.731578547	 2.15275	2.39902	74.4123	13.4666	8.30037
-19.722 106.120703942	       2.08778	2.32275	78.4166	14.4851	8.80782
-19.721 110.586965902	 2.02568	2.25004	81.3351	15.6144	9.36118
-19.72 113.860822654	 1.9663	2.18065	82.8782	16.8692	9.96589
-19.719 115.799132792	 1.90946	2.1144	82.8799	18.2666	10.6281
-19.718 116.427887393	 1.85504	2.0511	81.3401	19.826	11.355
-19.717 115.942611064	 1.80289	1.99057	78.4245	21.5696	12.1545
-19.716 114.66636384	 1.7529	1.93267	74.4222	23.5219	13.036
-19.715 112.984137022	 1.70494	1.87723	69.6805	25.7107	14.0102
-19.714 111.278750874	 1.65891	1.82413	64.54	28.1658	15.0893
-19.713 109.885791038	 1.61471	1.77324	59.291	30.9189	16.2873
-19.712 109.072130908	 1.57224	1.72443	54.1527	34.0017	17.6204
-19.711 109.032843799	 1.53141	1.6776	49.2724	37.4437	19.1071
-19.71 109.897749651	 1.49215	1.63263	44.7368	41.2674	20.7682
-19.709 111.739776487	 1.45436	1.58944	40.5856	45.4822	22.6275
-19.708 114.580003136	 1.41799	1.54793	36.8266	50.0753	24.7115
-19.707 118.387008384	 1.38296	1.50802	33.4472	54.999	27.0492
-19.706 123.070606122	 1.3492	1.46962	30.4227	60.1564	29.672
-19.705 128.472511848	 1.31666	1.43266	27.7231	65.3875	32.612
-19.704 134.359208245	 1.28527	1.39707	25.3161	70.4599	35.9003
-19.703 140.424682828	 1.25499	1.36278	23.1702	75.0726	39.5634
-19.702 146.310900495	 1.22576	1.32974	21.2559	78.8809	43.6179
-19.701 151.649171448	 1.19753	1.29787	19.5461	81.5449	48.062
-19.7 156.115056564	 1.17027	1.26713	18.0163	82.7956	52.8651
-19.699 159.47744502	 1.14392	1.23747	16.645	82.4971	57.9532
-19.698 161.618471745	 1.11844	1.20882	15.4132	80.6825	63.1947
-19.697 162.512372943	 1.09381	1.18116	14.3042	77.5446	68.3879
-19.696 162.17402419	 1.06998	1.15443	13.3035	73.3875	73.2579
-19.695 160.606671978	 1.04691	1.1286	12.3984	68.5603	77.4718
-19.694 157.779636045	 1.02458	1.10362	11.5779	63.3953	80.6776
-19.693 153.649245418	 1.00295	1.07945	10.8323	58.1689	82.5649
-19.692 148.21070677	 0.981999	1.05607	10.1534	53.0855	82.933
-19.691 141.55034034	  0.961694	1.03344	9.53367	48.2797	81.7412
-19.69 133.867983235	 0.94201	1.01152	8.96684	43.8275	79.1194
-19.689 125.457819699	   0.922922	0.990292	8.44729	39.7619	75.3347
-19.688 116.659056877	  0.904407	0.969721	7.97009	36.086	70.7282
-19.687 107.800120035	 0.886441	0.949782	7.53094	32.7842	65.6481
-19.686 99.1565585983	 0.869003	0.930449	7.12602	29.8309	60.3995
-19.685 90.9308269886	 0.852073	0.911699	6.75199	27.1954	55.2191
-19.684 83.2513472727	 0.835632	0.893508	6.40587	24.8456	50.2702
-19.683 76.1834036573	 0.81966	0.875854	6.08502	22.7505	45.6518
-19.682 69.7446060193	 0.80414	0.858716	5.78712	20.8809	41.4132
-19.681 63.9200773909	 0.789056	0.842075	5.51007	19.2104	37.5679
-19.68 58.6750277387	             0.774391	0.825912	5.25202	17.7153	34.1069
-19.679 53.9641018546	 0.76013	0.810207	5.01131	16.3745	31.0075
-19.678 49.7377888831	 0.746257	0.794946	4.78646	15.1695	28.2402
-19.677 45.9465109806	 0.732761	0.78011	4.57612	14.0841	25.7729
-19.676 42.5430325484	 0.719626	0.765684	4.37911	13.1043	23.5739
-19.675 39.4837285861	 0.70684	0.751653	4.19433	12.2176	21.6128
-19.674 36.7291179639	           0.69439	0.738004	4.02081	11.4134	19.862
-19.673 34.2439474029	 0.682266	0.724722	3.85768	10.6824	18.2964
-19.672 31.9970179238	 0.670456	0.711794	3.70413	10.0164	16.8938
-19.671 29.9608774478	 0.65895	0.699208	3.55943	9.4082	15.6346
-19.67 28.1114563883	 0.647736	0.686953	3.42293	8.85168	14.5017
-19.669 26.4276919916	 0.636805	0.675015	3.29404	8.34136	13.48
-19.668 24.8911671822	 0.626148	0.663386	3.17219	7.87247	12.5565
-19.667 23.4857771251	 0.615756	0.652053	3.0569	7.44079	11.7198
-19.666 22.1974290988	 0.605619	0.641008	2.94771	7.04262	10.96
-19.665 21.0137768027	 0.59573	0.630241	2.8442	6.67468	10.2685
-19.664 19.9239877417	 0.586081	0.619741	2.74599	6.33408	9.63766
-19.663 18.9185410744	 0.576664	0.609502	2.65272	6.01825	9.06097
-19.662 17.9890527879	 0.567472	0.599513	2.56408	5.72491	8.53264
-19.661 17.1281249679	 0.558497	0.589768	2.47977	5.45202	8.04764
-19.66 16.3292160683	 0.549733	0.580257	2.3995	5.19777	7.60152
-19.659 15.586529341	 0.541173	0.570975	2.32303	4.96054	7.19038
-19.658 14.8949168883	 0.532811	0.561912	2.25013	4.73887	6.81076
-19.657 14.2497971082	 0.524641	0.553064	2.18058	4.53146	6.45962
-19.656 13.6470835989	 0.516658	0.544422	2.11418	4.33714	6.13427
-19.655 13.0831238569	 0.508854	0.535981	2.05074	4.15484	5.83229
-19.654 12.5546463418	 0.501226	0.527734	1.99009	3.98361	5.55157
-19.653 12.0587146926	 0.493768	0.519676	1.93207	3.82258	5.2902
-19.652 11.5926880582	 0.486475	0.5118	1.87653	3.67098	5.04648
-19.651 11.1541866632	 0.479341	0.504102	1.82333	3.5281	4.81889
-19.65 10.7410618599	 0.472364	0.496576	1.77235	3.39328	4.60607
-19.649 10.3513700317	 0.465537	0.489217	1.72347	3.26595	4.40678
-19.648 9.98334980769	 0.458857	0.48202	1.67656	3.14556	4.21994
-19.647 9.635402128	 0.452319	0.47498	1.63154	3.03162	4.04453
-19.646 9.30607276948	 0.44592	0.468093	1.58829	2.92369	3.87967
-19.645 8.99403699736	 0.439655	0.461355	1.54672	2.82136	3.72453
-19.644 8.69808605792	 0.433522	0.454761	1.50676	2.72425	3.57838
-19.643 8.41711526843	 0.427515	0.448307	1.46832	2.63201	3.44055
-19.642 8.1501134954	 0.421633	0.441989	1.43132	2.54433	3.31042
-19.641 7.89615384184	 0.41587	0.435803	1.3957	2.46092	3.18745
-19.64 7.6543853895	 0.410225	0.429746	1.36138	2.38151	3.07112
-19.639 7.42402586317	 0.404694	0.423815	1.3283	2.30584	2.96096
-19.638 7.20435510275	 0.399274	0.418005	1.29641	2.23369	2.85656
-19.637 6.99470924378	 0.393962	0.412314	1.26565	2.16485	2.75753
-19.636 6.79447552094	 0.388755	0.406738	1.23597	2.09911	2.6635
-19.635 6.60308761995	 0.38365	0.401274	1.20731	2.0363	2.57415
-19.634 6.42002151335	 0.378645	0.395919	1.17963	1.97624	2.48917
-19.633 6.24479172375	 0.373737	0.39067	1.15289	1.91878	2.4083
-19.632 6.07694796556	     0.368924	0.385526	1.12705	1.86377	2.33127
-19.631 5.91607212211	 0.364203	0.380481	1.10206	1.81108	2.25784
-19.63 5.76177552089	 0.359572	0.375536	1.07789	1.76057	2.1878
-19.629 5.61369647366	     0.355029	0.370685	1.0545	1.71214	2.12093
-19.628 5.47149805273	 0.350571	0.365928	1.03186	1.66566	2.05707
-19.627 5.33486607795	 0.346197	0.361262	1.00994	1.62104	1.99602
-19.626 5.20350729183	 0.341904	0.356685	0.988713	1.57817	1.93762
-19.625 5.07714770322	 0.33769	0.352193	0.968142	1.53698	1.88174
-19.624 4.95553108189	 0.333553	0.347786	0.948204	1.49736	1.82822
-19.623 4.83841758868	     0.329492	0.343461	0.928873	1.45925	1.77693
-19.622 4.72558252729	 0.325504	0.339216	0.910126	1.42257	1.72776
-19.621 4.6168152058	 0.321588	0.33505	0.891938	1.38724	1.68059
-19.62 4.51191789679	 0.317743	0.330959	0.874288	1.35321	1.63531
-19.619 4.41070488661	 0.313966	0.326943	0.857155	1.32041	1.59182
-19.618 4.31300160512	 0.310256	0.322999	0.84052	1.28878	1.55004
-19.617 4.21864382821	 0.306611	0.319126	0.824362	1.25827	1.50987
-19.616 4.12747694628	 0.30303	0.315323	0.808664	1.22882	1.47123
-19.615 4.03935529246	       0.299511	0.311587	0.793409	1.20039	1.43405
-19.614 3.95414152505	 0.296053	0.307916	0.77858	1.17293	1.39825
-19.613 3.87170605935	 0.292654	0.304311	0.764162	1.1464	1.36377
-19.612 3.79192654429	 0.289314	0.300768	0.75014	1.12076	1.33054
-19.611 3.71468737994	 0.28603	0.297286	0.736499	1.09596	1.29851
-19.61 3.63987927221	 0.282802	0.293865	0.723226	1.07197	1.26761
-19.609 3.56739882167	     0.279628	0.290502	0.710307	1.04876	1.2378
-19.608 3.49714814326	 0.276508	0.287197	0.69773	1.02629	1.20902
-19.607 3.42903451457	 0.273439	0.283947	0.685484	1.00453	1.18123
-19.606 3.36297005	 0.270421	0.280752	0.673556	0.983456	1.15438
-19.605 3.29887139882	 0.267453	0.277611	0.661936	0.963034	1.12843
-19.604 3.23665946504	 0.264533	0.274523	0.650614	0.943239	1.10335
-19.603 3.17625914735	 0.26166	0.271485	0.639578	0.924046	1.07908
-19.602 3.11759909755	 0.258835	0.268498	0.628821	0.905431	1.05561
-19.601 3.06061149581	 0.256054	0.265559	0.618332	0.887371	1.03289
-19.6 3.00523184166	 0.253318	0.262669	0.608103	0.869844	1.01089
-19.599 2.95139875927	 0.250626	0.259825	0.598124	0.852829	0.98959
-19.598 2.89905381606	 0.247976	0.257027	0.588389	0.836307	0.96895
-19.597 2.84814135344	 0.245368	0.254275	0.578889	0.820259	0.948946
-19.596 2.79860832892	  0.242802	0.251566	0.569617	0.804668	0.929553
-19.595 2.75040416869	 0.240275	0.2489	0.560565	0.789515	0.910746
-19.594 2.70348062973	 0.237787	0.246276	0.551727	0.774784	0.892503
-19.593 2.657791671	 0.235337	0.243693	0.543096	0.760461	0.8748
-19.592 2.61329333278	 0.232926	0.241151	0.534666	0.746531	0.857617
-19.591 2.56994362385	 0.230551	0.238649	0.526429	0.732978	0.840933
-19.59 2.52770241558	 0.228212	0.236185	0.518382	0.71979	0.82473
-19.589 2.48653134282	 0.225909	0.233759	0.510517	0.706954	0.80899
-19.588 2.44639371085	 0.22364	0.23137	0.502829	0.694458	0.793694
-19.587 2.407254408	 0.221405	0.229018	0.495313	0.682288	0.778827
-19.586 2.36907982367	 0.219204	0.226701	0.487964	0.670435	0.764372
-19.585 2.33183777123	 0.217035	0.224419	0.480778	0.658888	0.750315
-19.584 2.29549741557	 0.214898	0.222171	0.473748	0.647635	0.736641
-19.583 2.26002920486	 0.212793	0.219957	0.466872	0.636668	0.723336
-19.582 2.22540480646	 0.210718	0.217776	0.460143	0.625976	0.710388
-19.581 2.19159704638	 0.208674	0.215627	0.453559	0.615551	0.697783
-19.58 2.15857985239	 0.206659	0.21351	0.447115	0.605383	0.68551
-19.579 2.12632820033	 0.204673	0.211424	0.440807	0.595464	0.673557
-19.578 2.0948180634	 0.202715	0.209368	0.434632	0.585787	0.661913
-19.577 2.06402636444	 0.200786	0.207342	0.428585	0.576343	0.650567
-19.576 2.03393093074	 0.198884	0.205345	0.422663	0.567126	0.63951
-19.575 2.00451045145	 0.197009	0.203377	0.416863	0.558127	0.628732
-19.574 1.97574443726	 0.19516	0.201437	0.411181	0.54934	0.618223
-19.573 1.94761318231	 0.193337	0.199525	0.405615	0.540758	0.607975
-19.572 1.92009772819	  0.191539	0.19764	0.40016	0.532376	0.597979
-19.571 1.89317982978	 0.189767	0.195781	0.394815	0.524187	0.588228
-19.57 1.866841923	 0.188019	0.193949	0.389576	0.516184	0.578712
-19.569 1.84106709418	 0.186294	0.192142	0.38444	0.508364	0.569424
-19.568 1.81583905114	 0.184594	0.19036	0.379405	0.500719	0.560358
-19.567 1.79114209564	 0.182917	0.188602	0.374469	0.493245	0.551507
-19.566 1.76696109736	 0.181262	0.186869	0.369628	0.485937	0.542862
-19.565 1.74328146916	 0.17963	0.18516	0.36488	0.47879	0.53442
-19.564 1.72008914359	 0.178019	0.183474	0.360222	0.471799	0.526172
-19.563 1.69737055064	 0.17643	0.181811	0.355653	0.46496	0.518113
-19.562 1.67511259651	 0.174863	0.180171	0.351171	0.458268	0.510238
-19.561 1.65330264354	 0.173316	0.178552	0.346773	0.451719	0.50254
-19.56 1.63192849105	 0.17179	0.176955	0.342456	0.44531	0.495015
-19.559 1.61097835712	    0.170283	0.17538	0.33822	0.439035	0.487657
-19.558 1.59044086134	 0.168797	0.173825	0.334061	0.432893	0.480462
-19.557 1.57030500829	 0.167329	0.172291	0.329979	0.426877	0.473425
-19.556 1.55056017186	 0.165881	0.170778	0.325971	0.420987	0.466541
-19.555 1.53119608032	  0.164451	0.169284	0.322036	0.415217	0.459806
-19.554 1.51220280206	 0.16304	0.167809	0.318171	0.409565	0.453215
-19.553 1.49357073205	 0.161647	0.166354	0.314375	0.404027	0.446765
-19.552 1.47529057889	 0.160272	0.164918	0.310647	0.3986	0.440451
-19.551 1.45735335248	     0.158914	0.1635	0.306985	0.393282	0.43427
-19.55 1.43975035224	 0.157573	0.1621	0.303387	0.38807	0.428218
-19.549 1.42247315586	 0.15625	0.160718	0.299851	0.38296	0.422291
-19.548 1.40551360861	      0.154942	0.159354	0.296377	0.377951	0.416486
-19.547 1.38886381309	 0.153652	0.158007	0.292964	0.373039	0.4108
-19.546 1.37251611941	 0.152377	0.156677	0.289608	0.368222	0.405229
-19.545 1.35646311588	 0.151118	0.155364	0.28631	0.363497	0.399771
-19.544 1.34069762006	  0.149874	0.154067	0.283068	0.358863	0.394422
-19.543 1.3252126702	  0.148646	0.152787	0.279881	0.354317	0.38918
-19.542 1.31000151708	 0.147433	0.151522	0.276747	0.349856	0.384041
-19.541 1.2950576162	  0.146235	0.150273	0.273665	0.345479	0.379003
-19.54 1.28037462027	 0.145051	0.149039	0.270634	0.341184	0.374064
-19.539 1.26594637207	 0.143881	0.147821	0.267654	0.336968	0.36922
-19.538 1.25176689757	 0.142726	0.146617	0.264722	0.332829	0.36447
-19.537 1.23783039936	      0.141584	0.145428	0.261839	0.328766	0.359811
-19.536 1.22413125038	     0.140456	0.144253	0.259002	0.324778	0.35524
-19.535 1.21066398787	 0.139342	0.143092	0.256211	0.320861	0.350756
-19.534 1.19742330756	 0.13824	0.141946	0.253464	0.317014	0.346356
-19.533 1.18440405819	 0.137152	0.140813	0.250762	0.313236	0.342038
-19.532 1.17160123611	 0.136076	0.139694	0.248103	0.309526	0.3378
-19.531 1.15900998024	 0.135013	0.138587	0.245485	0.30588	0.333641
-19.53 1.14662556715	  0.133963	0.137494	0.242909	0.302299	0.329557
-19.529 1.13444340637	  0.132924	0.136414	0.240373	0.29878	0.325548
-19.528 1.12245903584	 0.131898	0.135347	0.237877	0.295322	0.321612
-19.527 1.11066811764	 0.130884	0.134292	0.235419	0.291924	0.317747
-19.526 1.09906643377	 0.129881	0.133249	0.232999	0.288584	0.313951
-19.525 1.08764988218	  0.128889	0.132219	0.230616	0.285301	0.310222
-19.524 1.07641447293	 0.127909	0.1312	0.228269	0.282073	0.306559
-19.523 1.06535632447	 0.12694	0.130193	0.225959	0.2789	0.302961
-19.522 1.05447166013	 0.125983	0.129197	0.223683	0.275781	0.299426
-19.521 1.04375680464	 0.125035	0.128213	0.221441	0.272713	0.295952
-19.52 1.03320818092	 0.124099	0.12724	0.219232	0.269696	0.292538
-19.519 1.02282230687	 0.123173	0.126279	0.217057	0.266728	0.289182
-19.518 1.01259579231	 0.122257	0.125328	0.214914	0.26381	0.285885
-19.517 1.00252533612	 0.121352	0.124387	0.212802	0.260939	0.282643
-19.516 0.992607723373	 0.120456	0.123458	0.210721	0.258114	0.279456
-19.515 0.982839822609	 0.11957	0.122538	0.208671	0.255335	0.276322
-19.514 0.973218583254	 0.118694	0.121629	0.20665	0.252601	0.273241
-19.513 0.963741033084	 0.117828	0.12073	0.204659	0.24991	0.270211
-19.512 0.9544042758	 0.116971	0.119841	0.202696	0.247263	0.267231
-19.511 0.945205488689	 0.116124	0.118961	0.200761	0.244656	0.2643
-19.51 0.936141920367	 0.115285	0.118092	0.198854	0.242091	0.261417
-19.509 0.927210888608	 0.114456	0.117231	0.196974	0.239566	0.258581
-19.508 0.918409778244	 0.113635	0.116381	0.19512	0.23708	0.25579
-19.507 0.909736039146	 0.112824	0.115539	0.193292	0.234633	0.253045
-19.506 0.901187184271	 0.112021	0.114706	0.19149	0.232223	0.250343
-19.505 0.892760787779	 0.111226	0.113883	0.189713	0.229851	0.247685
-19.504 0.884454483218	  0.11044	0.113068	0.187961	0.227514	0.245068
-19.503 0.87626596177	 0.109662	0.112262	0.186232	0.225213	0.242493
-19.502 0.868192970554	 0.108893	0.111465	0.184528	0.222946	0.239958
-19.501 0.860233310998	 0.108131	0.110676	0.182847	0.220714	0.237463
-19.5 0.852384837254	 0.107378	0.109895	0.181188	0.218515	0.235006
