-20 47.9311138821
-19.999 52.319541607
-19.998 57.2467637737
-19.997 62.77486315
-19.996 68.9638908381
-19.995 75.8650612793
-19.994 83.5101544692
-19.993 91.8961437887
-19.992 100.964661474
-19.991 110.577458492
-19.99 120.491850721
-19.989 130.344006633
-19.988 139.651214196
-19.987 147.843808064
-19.986 154.330246918
-19.985 158.585800916
-19.984 160.243206248
-19.983 159.160419606
-19.982 155.447450992
-19.981 149.445620391
-19.98 141.664369862
-19.979 132.69228534
-19.978 123.106771225
-19.977 113.40504723
-19.976 103.967836368
-19.975 95.0537274378
-19.974 86.8140635372
-19.973 79.3169935767
-19.972 72.5723156995
-19.971 66.5526537957
-19.97 61.2095136744
-19.969 56.4844664943
-19.968 52.3164006496
-19.967 48.6458965544
-19.966 45.41763456
-19.965 42.5815299358
-19.964 40.093085688
-19.963 37.9132927165
-19.962 36.0082896778
-19.961 34.3489144736
-19.96 32.9102261818
-19.959 31.6710422779
-19.958 30.6135148882
-19.957 29.7227571105
-19.956 28.9865230937
-19.955 28.3949415799
-19.954 27.9403006892
-19.953 27.6168810372
-19.952 27.4208343096
-19.951 27.3501048419
-19.95 27.404392367
-19.949 27.5851547399
-19.948 27.895650022
-19.947 28.3410176562
-19.946 28.9283984155
-19.945 29.6670920862
-19.944 30.5687500099
-19.943 31.647595976
-19.942 32.9206624586
-19.941 34.4080181906
-19.94 36.1329451101
-19.939 38.1219942842
-19.938 40.4048066911
-19.937 43.0135198002
-19.936 45.98148881
-19.935 49.3409297591
-19.934 53.1189497286
-19.933 57.331304277
-19.932 61.9732073466
-19.931 67.0067997453
-19.93 72.3457569093
-19.929 77.8393266951
-19.928 83.2609298712
-19.927 88.3095720901
-19.926 92.633425291
-19.925 95.880563875
-19.924 97.7700927887
-19.923 98.1619662679
-19.922 97.0966867429
-19.921 94.7861517327
-19.92 91.5601845938
-19.919 87.7932511089
-19.918 83.839281259
-19.917 79.9911060944
-19.916 76.4662440534
-19.915 73.4116259336
-19.914 70.9178583906
-19.913 69.0358267508
-19.912 67.7916173509
-19.911 67.1982152109
-19.91 67.26384112
-19.909 67.9973672046
-19.908 69.4113298357
-19.907 71.5228948302
-19.906 74.3528663182
-19.905 77.9225426101
-19.904 82.2479662572
-19.903 87.3309789847
-19.902 93.1466433583
-19.901 99.6273099289
-19.9 106.645225502
-19.899 113.998223766
-19.898 121.406057853
-19.897 128.526203068
-19.896 134.994094864
-19.895 140.481711046
-19.894 144.753960899
-19.893 147.695515958
-19.892 149.291783423
-19.891 149.573674048
-19.89 148.558993892
-19.889 146.226260428
-19.888 142.536986901
-19.887 137.492701934
-19.886 131.191765895
-19.885 123.851999052
-19.884 115.787165195
-19.883 107.351857517
-19.882 98.8819768076
-19.881 90.652360242
-19.88 82.8588219916
-19.879 75.6202845869
-19.878 68.9922564188
-19.877 62.9838949091
-19.876 57.5738795265
-19.875 52.7230496614
-19.874 48.3834883192
-19.873 44.5045477734
-19.872 41.0365541649
-19.871 37.932887121
-19.87 35.1509889758
-19.869 32.6527060802
-19.868 30.4042370048
-19.867 28.375866861
-19.866 26.5416000829
-19.865 24.8787592775
-19.864 23.3675888393
-19.863 21.9908838806
-19.862 20.7336539741
-19.861 19.5828246948
-19.86 18.5269763
-19.859 17.556116982
-19.858 16.6614872858
-19.857 15.8353920397
-19.856 15.0710562475
-19.855 14.362501657
-19.854 13.7044410623
-19.853 13.0921877556
-19.852 12.5215778893
-19.851 11.9889038267
-19.85 11.4908568397
-19.849 11.0244777613
-19.848 10.5871144088
-19.847 10.1763847803
-19.846 9.79014517558
-19.845 9.42646252841
-19.844 9.08359034168
-19.843 8.75994771465
-19.842 8.45410102596
-19.841 8.16474790319
-19.84 7.89070316486
-19.839 7.6308864672
-19.838 7.3843114271
-19.837 7.15007602627
-19.836 6.92735412915
-19.835 6.71538797128
-19.834 6.51348149456
-19.833 6.32099442337
-19.832 6.13733698971
-19.831 5.96196522809
-19.83 5.7943767716
-19.829 5.63410708941
-19.828 5.48072611395
-19.827 5.33383521265
-19.826 5.19306446474
-19.825 5.05807020879
-19.824 4.92853283076
-19.823 4.80415476601
-19.822 4.68465869227
-19.821 4.56978589285
-19.82 4.45929477213
-19.819 4.35295950749
-19.818 4.25056882345
-19.817 4.1519248756
-19.816 4.05684223331
-19.815 3.96514695124
-19.814 3.87667572101
-19.813 3.79127509528
-19.812 3.70880077703
-19.811 3.62911696819
-19.81 3.55209577177
-19.809 3.47761664261
-19.808 3.40556588233
-19.807 3.33583617437
-19.806 3.26832615563
-19.805 3.20294002135
-19.804 3.13958716036
-19.803 3.0781818181
-19.802 3.01864278492
-19.801 2.96089310757
-19.8 2.90485982198
-19.799 2.85047370543
-19.798 2.79766904663
-19.797 2.74638343213
-19.796 2.69655754788
-19.795 2.64813499459
-19.794 2.60106211591
-19.793 2.55528783835
-19.792 2.51076352203
-19.791 2.46744282148
-19.79 2.42528155572
-19.789 2.38423758679
-19.788 2.34427070634
-19.787 2.30534252941
-19.786 2.26741639512
-19.785 2.23045727357
-19.784 2.19443167863
-19.783 2.15930758618
-19.782 2.12505435729
-19.781 2.09164266623
-19.78 2.05904443273
-19.779 2.02723275838
-19.778 1.99618186677
-19.777 1.96586704715
-19.776 1.93626460148
-19.775 1.90735179437
-19.774 1.87910680612
-19.773 1.85150868824
-19.772 1.82453732158
-19.771 1.79817337684
-19.77 1.77239827716
-19.769 1.74719416289
-19.768 1.7225438582
-19.767 1.69843083957
-19.766 1.67483920591
-19.765 1.65175365033
-19.764 1.62915943338
-19.763 1.60704235769
-19.762 1.58538874395
-19.761 1.5641854081
-19.76 1.54341963974
-19.759 1.52307918163
-19.758 1.50315221016
-19.757 1.48362731688
-19.756 1.46449349095
-19.755 1.44574010237
-19.754 1.42735688613
-19.753 1.4093339271
-19.752 1.39166164562
-19.751 1.37433078383
-19.75 1.35733239261
-19.749 1.34065781918
-19.748 1.32429869523
-19.747 1.30824692569
-19.746 1.2924946779
-19.745 1.27703437139
-19.744 1.26185866804
-19.743 1.2469604628
-19.742 1.23233287469
-19.741 1.21796923827
-19.74 1.20386309556
-19.739 1.19000818816
-19.738 1.17639844987
-19.737 1.16302799952
-19.736 1.14989113421
-19.735 1.1369823227
-19.734 1.12429619928
-19.733 1.1118275577
-19.732 1.0995713455
-19.731 1.08752265848
-19.73 1.07567673552
-19.729 1.06402895345
-19.728 1.05257482229
-19.727 1.0413099806
-19.726 1.03023019101
-19.725 1.01933133601
-19.724 1.00860941378
-19.723 0.998060534353
-19.722 0.98768091577
-19.721 0.97746688049
-19.72 0.967414851902
-19.719 0.957521350977
-19.718 0.947782993059
-19.717 0.938196484764
-19.716 0.928758621015
-19.715 0.919466282178
-19.714 0.910316431313
-19.713 0.901306111524
-19.712 0.892432443412
-19.711 0.883692622622
-19.71 0.875083917482
-19.709 0.866603666724
-19.708 0.858249277293
-19.707 0.850018222239
-19.706 0.841908038676
-19.705 0.833916325823
-19.704 0.826040743113
-19.703 0.818279008366
-19.702 0.810628896031
-19.701 0.80308823549
-19.7 0.795654909419
-19.699 0.788326852204
-19.698 0.781102048422
-19.697 0.773978531364
-19.696 0.76695438161
-19.695 0.760027725663
-19.694 0.753196734614
-19.693 0.746459622865
-19.692 0.739814646887
-19.691 0.733260104025
-19.69 0.72679433134
-19.689 0.720415704489
-19.688 0.714122636643
-19.687 0.707913577442
-19.686 0.70178701198
-19.685 0.695741459829
-19.684 0.689775474086
-19.683 0.683887640463
-19.682 0.678076576392
-19.681 0.67234093017
-19.68 0.666679380125
-19.679 0.661090633811
-19.678 0.655573427225
-19.677 0.650126524056
-19.676 0.644748714945
-19.675 0.639438816783
-19.674 0.634195672015
-19.673 0.629018147982
-19.672 0.623905136265
-19.671 0.618855552066
-19.67 0.613868333596
-19.669 0.608942441485
-19.668 0.604076858216
-19.667 0.599270587561
-19.666 0.594522654051
-19.665 0.589832102449
-19.664 0.585197997246
-19.663 0.580619422167
-19.662 0.576095479692
-19.661 0.571625290598
-19.66 0.567207993502
-19.659 0.562842744428
-19.658 0.55852871638
-19.657 0.554265098931
-19.656 0.550051097822
-19.655 0.545885934571
-19.654 0.541768846095
-19.653 0.537699084344
-19.652 0.53367591594
-19.651 0.529698621835
-19.65 0.525766496965
-19.649 0.521878849929
-19.648 0.518035002665
-19.647 0.514234290142
-19.646 0.510476060054
-19.645 0.506759672528
-19.644 0.503084499842
-19.643 0.499449926137
-19.642 0.495855347155
-19.641 0.492300169971
-19.64 0.488783812738
-19.639 0.485305704435
-19.638 0.481865284626
-19.637 0.478462003221
-19.636 0.475095320249
-19.635 0.47176470563
-19.634 0.468469638955
-19.633 0.465209609278
-19.632 0.461984114904
-19.631 0.458792663189
-19.63 0.455634770343
-19.629 0.452509961234
-19.628 0.449417769207
-19.627 0.446357735897
-19.626 0.443329411054
-19.625 0.440332352366
-19.624 0.437366125295
-19.623 0.434430302907
-19.622 0.431524465716
-19.621 0.428648201522
-19.62 0.425801105265
-19.619 0.42298277887
-19.618 0.420192831103
-19.617 0.41743087743
-19.616 0.414696539879
-19.615 0.411989446903
-19.614 0.409309233252
-19.613 0.406655539836
-19.612 0.404028013612
-19.611 0.401426307448
-19.61 0.398850080013
-19.609 0.396298995657
-19.608 0.393772724295
-19.607 0.391270941299
-19.606 0.388793327386
-19.605 0.386339568514
-19.604 0.383909355778
-19.603 0.381502385307
-19.602 0.379118358167
-19.601 0.376756980263
-19.6 0.374417962245
-19.599 0.372101019414
-19.598 0.369805871636
-19.597 0.367532243249
-19.596 0.365279862979
-19.595 0.363048463856
-19.594 0.36083778313
-19.593 0.358647562193
-19.592 0.356477546499
-19.591 0.354327485486
-19.59 0.352197132502
-19.589 0.350086244731
-19.588 0.347994583122
-19.587 0.345921912316
-19.586 0.343868000581
-19.585 0.34183261974
-19.584 0.339815545111
-19.583 0.337816555436
-19.582 0.335835432823
-19.581 0.333871962682
-19.58 0.331925933666
-19.579 0.329997137608
-19.578 0.32808536947
-19.577 0.32619042728
-19.576 0.324312112081
-19.575 0.322450227873
-19.574 0.320604581564
-19.573 0.318774982915
-19.572 0.31696124449
-19.571 0.315163181606
-19.57 0.313380612285
-19.569 0.311613357206
-19.568 0.309861239658
-19.567 0.308124085493
-19.566 0.306401723083
-19.565 0.304693983277
-19.564 0.303000699353
-19.563 0.301321706982
-19.562 0.299656844183
-19.561 0.298005951282
-19.56 0.296368870876
-19.559 0.29474544779
-19.558 0.293135529042
-19.557 0.291538963802
-19.556 0.289955603361
-19.555 0.288385301091
-19.554 0.286827912408
-19.553 0.285283294745
-19.552 0.283751307511
-19.551 0.28223181206
-19.55 0.28072467166
-19.549 0.279229751461
-19.548 0.277746918461
-19.547 0.27627604148
-19.546 0.274816991124
-19.545 0.273369639763
-19.544 0.271933861496
-19.543 0.270509532124
-19.542 0.269096529124
-19.541 0.267694731622
-19.54 0.266304020364
-19.539 0.26492427769
-19.538 0.263555387512
-19.537 0.262197235282
-19.536 0.260849707975
-19.535 0.25951269406
-19.534 0.258186083475
-19.533 0.256869767608
-19.532 0.255563639271
-19.531 0.254267592679
-19.53 0.252981523426
-19.529 0.251705328465
-19.528 0.250438906086
-19.527 0.249182155896
-19.526 0.247934978796
-19.525 0.246697276965
-19.524 0.245468953835
-19.523 0.244249914077
-19.522 0.243040063578
-19.521 0.241839309424
-19.52 0.240647559879
-19.519 0.239464724372
-19.518 0.238290713476
-19.517 0.237125438889
-19.516 0.23596881342
-19.515 0.234820750972
-19.514 0.233681166523
-19.513 0.232549976111
-19.512 0.231427096821
-19.511 0.230312446763
-19.51 0.229205945064
-19.509 0.228107511845
-19.508 0.227017068215
-19.507 0.225934536249
-19.506 0.224859838977
-19.505 0.22379290037
-19.504 0.222733645323
-19.503 0.221681999648
-19.502 0.220637890054
-19.501 0.219601244137
-19.5 0.218571990365
