-20.496 0.135802575558	0.0319776	0.0316678	0.025783	0.0231484	0.0227137
-20.486 0.140833057957	0.0332675539621	0.0329388284713	0.0267078380078	0.0239281595169	0.0234780655284
-20.477 0.145613327503	0.0344977598298	0.0341506027599	0.0275846290151	0.0246653468757	0.0242019062592
-20.466 0.151807789181	0.0360979914812	0.0357263719364	0.0287177776998	0.0256151858123	0.0251368000032
-20.456 0.157803401632	0.0376530436107	0.0372571373411	0.0298111795225	0.0265286780028	0.0260391688171
-20.447 0.163522002077	0.0391415189235	0.0387219029014	0.0308508175544	0.0273945461377	0.0268985380339
-20.438 0.169572180956	0.0407213701117	0.0402761074094	0.0319470475619	0.028304742091	0.0278077446522
-20.429 0.175982705584	0.0424002062899	0.0419271635644	0.0331040288249	0.0292623123679	0.0287733262356
-20.42 0.182787345678	0.0441864458046	0.0436832721843	0.0343263104942	0.030270567053	0.0298045705073
-20.411 0.190027526744	0.0460894217112	0.0455535274812	0.0356188763412	0.031333104357	0.0309158873283
-20.402 0.197758014892	0.0481195036759	0.0475480418681	0.0369871957019	0.032453833612	0.0321321697877
-20.393 0.206060790381	0.0502882393637	0.049678098638	0.0384372817351	0.0336369884327	0.0335022944576
-20.383 0.216142869445	0.0528762932323	0.0522192439053	0.0401524671997	0.0350303398227	0.0353458064005
-20.374 0.226393692534	0.0553819505998	0.054679071657	0.0417977674232	0.0363603010462	0.0376547979651
-20.365 0.238949581665	0.0580716997742	0.0573201764354	0.0435478277539	0.0377662394729	0.0417217673287
-20.355 0.25749369094	0.0612988145766	0.0604912066131	0.0456262807415	0.0394224446259	0.0501285392926
-20.344 0.266673799685	0.0651718637693	0.064287727711	0.0480912676125	0.0413980084168	0.0472006758012
-20.335 0.275067802625	0.0686227432951	0.0676760923747	0.0502618241051	0.0431268996118	0.0448578167639
-20.326 0.286996495677	0.0723586532529	0.0713656577635	0.0525850994318	0.0449617914031	0.0452031991495
-20.317 0.300896451138	0.076416251086	0.0754096884111	0.0550761872758	0.0469145568925	0.0465574898333
-20.308 0.315974001383	0.0808212825188	0.0796780717266	0.057746278643	0.0490043222541	0.0482014366464
-20.299 0.332350712396	0.0856109753457	0.0842892422225	0.0606163324884	0.0512392877113	0.0500718691554
-20.29 0.350288034634	0.0908446942942	0.0893717434986	0.0637093495963	0.0536298569544	0.0522089305034
-20.281 0.369856169063	0.0965776854241	0.0949514552239	0.0670478046697	0.0561925804223	0.0545626961924
-20.272 0.391204092819	0.102874279387	0.101080595854	0.0706579071653	0.0589449799743	0.0571218746785
-20.263 0.414532473827	0.109810260662	0.107828773381	0.0745697669305	0.0619064123253	0.0598922801288
-20.253 0.443073413508	0.118375904471	0.116155754319	0.079312307901	0.0654686094682	0.063235258145
-20.244 0.471438131195	0.126974735932	0.124506955557	0.0839807121192	0.0689462702246	0.0665033259592
-20.235 0.502699094145	0.136548486422	0.133795478049	0.0890760521085	0.0727106348729	0.0700417465697
-20.225 0.541334439922	0.148516454018	0.145393072273	0.0953037691578	0.0772690378761	0.0743247676386
-20.214 0.589370298496	0.163597171316	0.159985982088	0.102943168534	0.0827998032943	0.0795161067948
-20.205 0.633740345405	0.177715827982	0.173627490748	0.109901016513	0.087781556084	0.0841857745512
-20.196 0.683475603097	0.193747034406	0.18909396722	0.117591519839	0.0932292363855	0.0892845343752
-20.187 0.739497443026	0.212052078417	0.206725646627	0.126121159838	0.0992027405692	0.0948658543869
-20.178 0.80293853484	0.233081682079	0.226945847664	0.13561647871	0.105771904305	0.100991982217
-20.169 0.875204798286	0.257403912803	0.250286528832	0.146228788641	0.113018548719	0.107735674133
-20.16 0.958059994668	0.285742798625	0.277423499872	0.158140222018	0.121039035023	0.115182354669
-20.15 1.065283968	0.323086795684	0.313093341828	0.173168942996	0.130997781875	0.124404151394
-20.141 1.17863271478	0.363327013935	0.35142154223	0.188608024965	0.141053392124	0.133688951179
-20.132 1.31193261534	0.411575145575	0.397238879547	0.2062105828	0.152315915288	0.144057402793
-20.123 1.47033485282	0.470101059765	0.452627202185	0.226400051621	0.16498630334	0.155684568797
-20.114 1.66081814991	0.542037684774	0.520443606472	0.249708646463	0.179309108253	0.168782358682
-20.105 1.89304341976	0.63180573468	0.604693508313	0.27681266087	0.195584336403	0.183609225807
-20.096 2.18072093782	0.745802978513	0.711130540454	0.30858186946	0.214183237266	0.200482977314
-20.087 2.54387705281	0.893563712704	0.848255054547	0.346149852029	0.235569590982	0.219797891901
-20.077 3.07323429874	1.11549307728	1.05261949643	0.396533034152	0.263318615831	0.244726938214
-20.066 3.88876060929	1.46975516814	1.37538783143	0.465776589773	0.299909533261	0.277385221542
-20.057 4.84661727666	1.90088585271	1.76327004553	0.536849780603	0.335834238357	0.309227634016
-20.048 6.24226618776	2.55108064581	2.33963996169	0.625487040168	0.378619498003	0.346884500097
-20.038 8.71496450052	3.74881082447	3.37940413899	0.752306387285	0.436489911882	0.397390489133
-20.029 12.5850039906	5.70112427147	5.02726188579	0.902441632191	0.500701652511	0.4528993224
-20.02 19.9772473563	9.58741381105	8.18595770914	1.10221689009	0.580171823592	0.520888516594
-20.011 36.6035683655	18.7084824147	15.2328802897	1.37603512684	0.680131001256	0.60538896958
-20.002 81.0882881327	43.7630758932	34.0387558798	1.76522239722	0.808250225865	0.712195002357
-19.993 159.055198134	79.9993521935	74.884650329	2.34415114483	0.976139796999	0.84987408162
-19.984 107.032172973	44.640391069	56.9001212999	3.25723638253	1.20203619555	1.03151787467
-19.975 50.4229668968	19.0283235468	23.7866616798	4.81348158987	1.5158802302	1.27792442178
-19.966 32.5969963793	9.7129795902	11.5273558804	7.76277014518	1.96953965966	1.62371032425
-19.957 31.3822314716	5.76020532805	6.59184400941	14.2406612563	2.65902584927	2.12985744726
-19.948 45.985161973	3.78070812799	4.22126613878	31.2933090675	3.77755505458	2.91164017161
-19.939 86.8583759073	2.66212607196	2.92118344598	71.3088176826	5.75810046511	4.20733753697
-19.928 73.0424867904	1.85541907649	2.00534678527	50.7103382184	11.1163580023	7.35425596168
-19.917 63.5635885082	1.36516607502	1.45936860111	17.9244503749	27.3344111411	15.4794516702
-19.908 110.883520238	1.09487266462	1.16232873254	9.26857747535	64.594815763	34.7620362529
-19.899 151.004705561	0.897336305884	0.947259826516	5.54564162746	68.0798943863	75.5335583368
-19.89 89.9315900417	0.748676916462	0.786641599403	3.66195628975	29.2345321018	55.4989584222
-19.881 40.5951007764	0.634041799391	0.663575580239	2.58962118247	13.5075573294	23.1996336716
-19.872 21.7898406697	0.543808271545	0.567230509634	1.92472710912	7.45342474189	11.3000370122
-19.863 13.593036656	0.471523774012	0.490409157862	1.48529814075	4.65971266218	6.48550496821
-19.854 9.35628248563	0.412732415842	0.428180021845	1.18023925203	3.17111239981	4.16344315296
-19.845 6.87968914929	0.364277988025	0.377073560406	0.960052561867	2.29154499848	2.88617201208
-19.836 5.299860796	0.323874799942	0.334592006775	0.796032010866	1.73093736824	2.11386099658
-19.827 4.2255103528	0.289835002789	0.298900519625	0.670626448204	1.35254533298	1.61304227208
-19.818 3.4586455864	0.260890496297	0.268626949698	0.572626400262	1.08547340146	1.27046943767
-19.808 2.83620411917	0.233536865474	0.240084408875	0.48693277402	0.871714931161	1.00337760574
-19.796 2.29491941692	0.206034939813	0.211456545109	0.407249278994	0.689042726431	0.780579390328
-19.787 1.98780887344	0.188476342969	0.193217457856	0.359647184271	0.587190585439	0.658721205594
-19.778 1.74038552187	0.173070725963	0.177240639704	0.319922692513	0.506324722259	0.56327089608
-19.769 1.53782306016	0.159480157687	0.163167072304	0.286430655798	0.441061238212	0.487128202062
-19.76 1.36968601921	0.147430460607	0.150706189689	0.257933577477	0.387635700115	0.425424360311
-19.751 1.22844455066	0.136697311558	0.139620801944	0.233486251256	0.343352662293	0.374731711021
-19.742 1.10854689342	0.127095751736	0.129715753265	0.212356734187	0.306241477579	0.332581215129
-19.733 1.00582165469	0.118472183129	0.120829293992	0.19397115008	0.274834650725	0.297158211966
-19.724 0.917081893197	0.110698200228	0.112826449351	0.177874456807	0.24802134354	0.267105030791
-19.715 0.839856427284	0.10366579156	0.10559387397	0.163702114255	0.224948286629	0.241389664007
-19.706 0.772203505643	0.097283574219	0.0990358237034	0.151159326188	0.204951356618	0.219216413027
-19.697 0.712579073473	0.0914738149492	0.0930709759401	0.140005628691	0.187507441626	0.199963859524
-19.687 0.65424450956	0.0856094230094	0.0870549956511	0.129002527886	0.170615842366	0.181403963561
-19.678 0.607775703796	0.0808012817221	0.0821263998807	0.120173125677	0.15729228409	0.166824471778
-19.669 0.566179485021	0.0763877416831	0.0776054203385	0.11222102283	0.145471437058	0.153935322909
-19.659 0.524868490323	0.0718956891467	0.0730071818693	0.104278112999	0.133836186764	0.141292319156
-19.648 0.484528332254	0.0673980782579	0.0684065484904	0.0964783977345	0.122580804669	0.129104979459
-19.639 0.454941434569	0.064025443802	0.0649588869772	0.0907306400456	0.11439627293	0.120270227504
-19.63 0.428027929326	0.0609002758136	0.0617659477081	0.0854823918148	0.107005764181	0.112313137696
-19.621 0.403471512201	0.0579989421246	0.0588032418436	0.0806774132476	0.100309819834	0.105121226087
-19.611 0.378623492386	0.0550124491124	0.055755168443	0.0757996141206	0.0935823158995	0.0979125594871
-19.602 0.35820111676	0.0525179749066	0.0532105285103	0.0717788401612	0.0880906617648	0.0920412545684
-19.593 0.339411819768	0.0501898073659	0.0508366075593	0.0680703264492	0.0830693309855	0.0866834131492
-19.583 0.320242591795	0.0477804667745	0.0483810295043	0.0642777880664	0.0779784354186	0.0812620010667
-19.574 0.304365117313	0.0457577574854	0.0463203955475	0.0611296871222	0.0737870956131	0.0768068224361
-19.565 0.289656230632	0.0438611763871	0.0443890119591	0.0582078510517	0.069925452095	0.0727088874756
-19.556 0.276002999232	0.042080448422	0.0425762890067	0.0554911027507	0.0663598115387	0.0689309992584
-19.547 0.263305911748	0.0404063238123	0.040872699563	0.0529606855233	0.0630606763574	0.0654406779551
-19.538 0.25147699614	0.0388304577025	0.0392696535616	0.0505999386085	0.0600021331336	0.0622094609648
-19.529 0.24043823995	0.0373453059501	0.0377593891032	0.0483940223292	0.0571613425526	0.0592123212327
-19.52 0.230120257282	0.0359440346138	0.0363348768892	0.0463296843677	0.0545181120368	0.0564271814904
-19.51 0.219426130073	0.0344779199799	0.0348449130146	0.0441876357175	0.0517911860733	0.0535575399051
-20.499 0.13434792189	 0.0316054	0.0313011	0.0255152	0.0229222	0.0224921
-20.49 0.138786559715	0.032742181478	0.0324212264232	0.0263318608029	0.0236114395847	0.0231674469824
-20.481 0.143458030009	0.0339425741728	0.0336037759445	0.0271895560198	0.0243334214946	0.0238758290288
-20.471 0.148942196788	0.0353568824166	0.0349966597613	0.0281940082224	0.0251765477638	0.0247047004659
-20.462 0.154162666519	0.0367080608764	0.0363269730422	0.0291476332352	0.0259746640411	0.0254914609031
-20.453 0.15967437639	0.0381394884164	0.0377358828169	0.0301516794598	0.0268125533312	0.0263204172496
-20.445 0.164836882195	0.0394844442086	0.0390593029081	0.0310893928602	0.0275928777593	0.0270960775248
-20.436 0.170964503199	0.0410856075143	0.0406343631579	0.0321987506277	0.0285133291608	0.0280171735199
-20.427 0.17745947549	0.04278755314	0.0423080259033	0.0333698353936	0.0294818668243	0.0289964135167
-20.418 0.184356973892	0.0445988930499	0.0440886807942	0.034607288821	0.0305018627351	0.0300439530156
-20.409 0.191700728974	0.0465291794892	0.0459856367152	0.035916197944	0.0315769824049	0.0311759015701
-20.4 0.19954987715	0.0485890309276	0.0480092518425	0.0373021476295	0.0327112067496	0.0324208388036
-20.391 0.207996207679	0.0507902782708	0.0501710945239	0.0387712806522	0.033908840504	0.0338366760704
-20.382 0.217214752021	0.0531461355238	0.0524841605697	0.0403303671524	0.0351744690442	0.0355608024854
-20.373 0.227638952925	0.0556714013738	0.0549632330829	0.0419868868977	0.0365127124076	0.0379847546018
-20.364 0.240598114537	0.0583827066859	0.0576256821195	0.0437491319085	0.0379272346762	0.0423911342441
-20.356 0.255701332191	0.06096405606	0.060162372473	0.0454117339141	0.0392516190972	0.0493855427776
-20.348 0.264529103681	0.0637218000271	0.062866949643	0.0471720330526	0.0406605950203	0.0495819028092
-20.341 0.26890378213	0.0662924017465	0.0653866623978	0.0487986825869	0.0419633530535	0.0459393079014
-20.332 0.278767197566	0.0698347527733	0.068869696798	0.05101855837	0.0437261392814	0.0447958298406
-20.324 0.289940875895	0.0732311031752	0.0722329464803	0.053123648795	0.0453851037637	0.0454459662324
-20.315 0.304169720678	0.0773649248623	0.0763461178036	0.0556537083452	0.0473663496772	0.0469162726925
-20.306 0.319480743578	0.0818500417378	0.0806632809868	0.0583658508935	0.0494883296167	0.0485905494419
-20.297 0.336200851434	0.086733805497	0.0853774887563	0.0612836665649	0.0517565037577	0.0505262843159
-20.288 0.354491333679	0.09207344601	0.0905672133797	0.0644291538496	0.05418387869	0.0527140759492
-20.279 0.374439967165	0.09792574479	0.0962637850829	0.067825577214	0.0567871849198	0.0551136165879
-20.27 0.396209119626	0.10435743787	0.102523959473	0.0714999901592	0.0595842862555	0.0577188747895
-20.261 0.420009162231	0.111447103836	0.109420612452	0.0754834239426	0.0625950314131	0.0605378917059
-20.252 0.446093341573	0.119287352642	0.117041339586	0.0798114338701	0.0658417715093	0.0635858040184
-20.243 0.474761606058	0.127987780658	0.125490291502	0.084524864548	0.0693498196319	0.0668826561913
-20.234 0.506368528392	0.137678784765	0.134891447191	0.0896708060735	0.0731479587346	0.0704527719675
-20.226 0.537268673902	0.147250108349	0.14416662895	0.0946519481726	0.0767940678451	0.0738786466723
-20.218 0.57116961532	0.157857565212	0.154434746096	0.10006187813	0.0807214844216	0.0775661421632
-20.21 0.60847971398	0.169656118861	0.165842536574	0.105951203458	0.0849598718189	0.0815416464388
-20.201 0.655132041356	0.184585011612	0.180257622769	0.113222653083	0.0901418736354	0.0863959225361
-20.193 0.701399969666	0.199575880282	0.194711632262	0.120335699868	0.0951587531663	0.0910884782599
-20.184 0.759757005612	0.21873389623	0.213154355615	0.129172057525	0.101322505581	0.0968440048104
-20.175 0.825967939901	0.240791141311	0.234349343314	0.139021511786	0.108107745101	0.103167326846
-20.166 0.901547206537	0.26636272859	0.258872006529	0.150044898124	0.1156008267	0.110135159085
-20.158 0.978124331298	0.292674801534	0.284052329405	0.160984967477	0.122937539373	0.116942439484
-20.149 1.0770224645	0.327218734528	0.317033994527	0.174788752695	0.132060904934	0.125387033394
-20.14 1.19237699737	0.368256856417	0.35610977554	0.190450079811	0.142241835036	0.134784563685
-20.131 1.32818385184	0.417521848707	0.402876008737	0.208317422741	0.15365015325	0.14528362465
-20.122 1.48976575438	0.47736396505	0.459486979453	0.228824890812	0.166491166809	0.157062970769
-20.113 1.68435012397	0.551034597155	0.528905804478	0.25251875164	0.181014942692	0.170339155554
-20.104 1.92196806757	0.643133750832	0.615297108446	0.280094044278	0.197528538573	0.185376527763
-20.095 2.21689786477	0.760338957663	0.724660724394	0.312445914022	0.216412314395	0.202500452917
-20.086 2.59006852282	0.912636740036	0.865890840868	0.350742832618	0.238141956252	0.222115004724
-20.078 3.01277134946	1.08979207589	1.02904370775	0.3910159942	0.260328794919	0.242047881856
-20.07 3.55622021269	1.32369032819	1.24278668921	0.438638566176	0.285768105502	0.264791507616
-20.061 4.37925204899	1.68874118052	1.5730309118	0.503387095889	0.319112461714	0.294432340589
-20.053 5.39854655522	2.15526041898	1.98990565922	0.573757050617	0.353905079256	0.325166692737
-20.044 7.07904933134	2.9507562402	2.68950177826	0.672067575729	0.400302478314	0.365863905677
-20.035 9.76875009202	4.27254193876	3.82658083967	0.797908076686	0.456449992999	0.41470306722
-20.026 14.4986070603	6.69101966649	5.84516927805	0.962554999535	0.525276777311	0.474005023252
-20.018 22.5250659036	10.9585358004	9.27191388435	1.15555088568	0.600390272081	0.538068458625
-20.009 42.9640322003	22.2710627364	17.9089060561	1.4506112738	0.705834918834	0.626946856092
-20 98.1965566469	53.1910662525	41.5494194602	1.87387211072	0.841608765117	0.739748265041
-19.991 161.367516935	77.2186257492	79.7305868788	2.51090465496	1.02050359973	0.885858162152
-19.982 89.4677710482	36.5608836717	47.0323987663	3.53114192294	1.26279637827	1.07973441444
-19.974 47.1524380686	17.4967500404	21.7351444775	5.05111986951	1.55812418703	1.31061413202
-19.965 31.8104480944	9.10704203343	10.756447563	8.24368351531	2.03209821071	1.67053836653
-19.956 32.0673951726	5.4733128194	6.2434044477	15.3927616171	2.75708300907	2.20019351167
-19.947 49.1630190214	3.62516021646	4.03859327259	34.5314437487	3.94318969259	3.02393876415
-19.938 91.1201148697	2.56912347591	2.81459632158	75.2660085087	6.0677850721	4.40177750557
-19.93 81.2790274552	1.9723154146	2.13678237615	60.8831665285	9.71616409531	6.56980493745
-19.921 59.2269228328	1.51829636153	1.62895288916	25.5367511458	19.0540675094	11.4881282816
-19.914 73.1998945952	1.26495334693	1.34888670224	14.1047573907	36.6394813953	19.8410447043
-19.905 133.843024918	1.02236767026	1.08318083262	7.70556975053	77.1589800044	46.8719653594
-19.896 138.839586722	0.84322493393	0.888667092592	4.78509486954	52.8043701371	79.517252549
-19.886 62.2914692878	0.694191368704	0.728059226247	3.11694859158	20.2430828631	37.5084485839
-19.877 30.1006957561	0.591366038674	0.617949451406	2.2576607067	10.177926752	16.4551541246
-19.869 18.3649518906	0.517972052054	0.539734776131	1.7589085009	6.30026366616	9.24747038967
-19.86 11.8944403058	0.450605045787	0.468240470606	1.37171202968	4.0661931445	5.53710679277
-19.851 8.39282051301	0.395560049595	0.410048470735	1.09913689189	2.82934894245	3.65815375072
-19.842 6.27860748469	0.350009304642	0.362056688252	0.900175009082	2.07794946386	2.58785069457
-19.834 5.02640055128	0.315810713824	0.326128223343	0.765298137889	1.63429393196	1.98430666941
-19.824 3.94236786066	0.27967374338	0.28826459167	0.635342145866	1.25355717546	1.48497013849
-19.815 3.25095157966	0.252200443593	0.25955195614	0.544688705543	1.01378683785	1.18016521116
-19.806 2.7328679231	0.228584268258	0.234923796878	0.472112092434	0.836575710086	0.96011472886
-19.798 2.37327464635	0.210269611942	0.215859888418	0.419106921877	0.715256837799	0.812224720885
-19.788 2.01865892157	0.190314080917	0.195124969005	0.364512368059	0.597352485187	0.670798882576
-19.779 1.76543523414	0.174687257464	0.178915942288	0.324002688474	0.514457375377	0.572816104847
-19.771 1.57954804571	0.162358333186	0.166145859896	0.293403333488	0.454428392064	0.502656378581
-19.763 1.42241931703	0.151290564006	0.154696231869	0.266940979522	0.404312840511	0.444622979508
-19.755 1.28829095224	0.141317708555	0.144391178272	0.243902801164	0.362045147703	0.39607834944
-19.746 1.15949321523	0.131233886337	0.133983316291	0.221377889254	0.321953485773	0.350388749649
-19.737 1.04958037798	0.12219288047	0.124662272046	0.201835262341	0.288167003724	0.312166890964
-19.728 0.954967405941	0.114055753587	0.116281884494	0.184771116209	0.259430917881	0.279871436316
-19.719 0.872892109548	0.106705949905	0.108719751744	0.16978363898	0.234787458043	0.252338744517
-19.71 0.801196445999	0.10004510573	0.101872744607	0.156549215958	0.213495398329	0.22867711295
-19.702 0.74479248	0.0946349726844	0.0963159223478	0.146043264549	0.196910221788	0.210330938192
-19.693 0.688322620212	0.0890577105542	0.0905918054332	0.135441281642	0.18046193611	0.192212374987
-19.684 0.638166915897	0.0839600175451	0.0853638744131	0.125954142278	0.165992403115	0.176338595527
-19.675 0.593404430565	0.0792884546135	0.080576404039	0.117430899337	0.153196663878	0.16235373653
-19.666 0.553278085027	0.0749968219686	0.0761812756837	0.109745303833	0.141826290732	0.14996971624
-19.658 0.520992729843	0.0714684491847	0.0725700122216	0.103530602146	0.132750138831	0.140114480202
-19.65 0.491502435254	0.0681837895255	0.0692100150987	0.0978298933028	0.124518870176	0.131200439858
-19.641 0.46127311839	0.0647526408678	0.0657020969276	0.0919626035844	0.116142602207	0.122153310025
-19.632 0.433794651546	0.0615746278082	0.0624547788168	0.0866085117782	0.108584830666	0.114011590835
-19.623 0.408739288579	0.0586254480428	0.0594428724926	0.0817094739717	0.101742314959	0.106658412253
-19.615 0.388274872141	0.0561786605449	0.056945231775	0.0776961047598	0.096189527317	0.100704169941
-19.607 0.369333286051	0.0538822671107	0.0546021127002	0.0739718580814	0.0910798483971	0.0952356056362
-19.598 0.349659439714	0.0514635999049	0.0521353036478	0.0700940315904	0.085804175481	0.0896002607515
-19.589 0.33153957626	0.0492046074731	0.0498323626749	0.0665139390686	0.0809746723621	0.084451446494
-19.58 0.314812668623	0.0470915355807	0.0476790887103	0.0632018625606	0.0765424154591	0.0797347331473
-19.571 0.299338188031	0.0451120794906	0.0456627861836	0.0601317007469	0.0724650058769	0.0754030929098
-19.562 0.284993029266	0.0432552044731	0.043772077516	0.0572804534652	0.0687055526745	0.0714157243743
-19.553 0.271668963922	0.0415109917154	0.041996742285	0.0546277899368	0.0652318362379	0.0677370891245
-19.545 0.260605129159	0.040047917342	0.0405080637171	0.052421961457	0.0623610572053	0.0647011692594
-19.536 0.248958223299	0.0384928356071	0.0389262794075	0.0500968445044	0.059352777866	0.0615240214073
-19.527 0.23808535498	0.0370268911468	0.0374356544182	0.0479234835652	0.0565575488297	0.0585758052976
-19.518 0.227918895254	0.0356433967562	0.0360293102432	0.0458889508888	0.0539557147107	0.0558350413728
-19.509 0.218398478406	0.0343362804036	0.0347009933479	0.0439816662995	0.0515298352358	0.0532827109657
-19.501 0.210434406168	0.0332340422429	0.0335811230725	0.0423846979901	0.0495086292071	0.0511584682841
-20.495 0.136292921831	 0.0321031	0.0317915	0.0258732	0.0232246	0.0227883
-20.483 0.142398965394	0.0336700790087	0.0333353589714	0.0269952759378	0.0241700483954	0.0237154341992
-20.474 0.147263104496	0.0349232928747	0.0345696840131	0.0278867596007	0.024918917843	0.0244512099012
-20.465 0.152391222332	0.036249052741	0.0358750959659	0.028824324622	0.0257043312539	0.025224702535
-20.457 0.157187347316	0.0374929921687	0.0370996086072	0.0296989889014	0.0264350826267	0.0259465341408
-20.448 0.162870715419	0.0389717523208	0.0385548629707	0.0307325801075	0.0272962028594	0.0268006927205
-20.44 0.168197634572	0.0403620176982	0.0399226313828	0.0316983430357	0.0280984934636	0.0276010895332
-20.431 0.174525369566	0.0420181597383	0.0415514855163	0.0328414452705	0.0290452597176	0.0285534628429
-20.421 0.182010610294	0.0439823891649	0.0434826867624	0.034187125745	0.0301559265529	0.0296863600133
-20.412 0.189200012341	0.0458719023826	0.0453397795356	0.0354716215034	0.0312122452659	0.0307878142272
-20.403 0.196872665163	0.0478873140722	0.0473199530746	0.0368312373515	0.0323263056222	0.0319906492413
-20.394 0.205106322524	0.0500400333403	0.0494343518298	0.038271922887	0.0335023052947	0.0333398942435
-20.385 0.21403836795	0.0523427924652	0.051695465951	0.039800230724	0.0347447477945	0.0349365982063
-20.375 0.225174677521	0.0550947704268	0.0543971442105	0.0416099403449	0.0362088306754	0.0373443379098
-20.366 0.237364674073	0.0577631918153	0.0570171600739	0.0433479283793	0.0376062035002	0.0411086410434
-20.357 0.25379157948	0.0606320517666	0.0598361421234	0.0451987119478	0.0390821520739	0.0485169837836
-20.347 0.26502344443	0.0640797118355	0.0632175453046	0.0473993229954	0.0408431524636	0.0489582947693
-20.336 0.273912672755	0.0682258214484	0.067285686795	0.0500133717389	0.0429298024347	0.0449354636242
-20.327 0.285559432974	0.0719284115249	0.0709389043403	0.0523189501093	0.0447523123455	0.0450987579737
-20.318 0.299278547429	0.0759483626609	0.0749445040399	0.0547907134281	0.046691260681	0.046381461712
-20.309 0.314246976592	0.0803140869582	0.0791929178508	0.0574402393991	0.0487649638163	0.0480121982239
-20.3 0.330454494354	0.0850578184149	0.0837538478783	0.0602868043433	0.0509835707041	0.0498494950329
-20.291 0.348216542699	0.0902395898269	0.0887832019505	0.0633540036911	0.0533560442847	0.0519602955877
-20.282 0.367597280792	0.0959141237234	0.0943054840298	0.0666639624544	0.0558988004085	0.0542910183837
-20.273 0.388738344983	0.102144576961	0.100370409291	0.0702424693451	0.0586292082556	0.056827282739
-20.264 0.411835430491	0.109005374875	0.107045916707	0.074119182954	0.0615663882301	0.0595736463179
-20.254 0.440084891078	0.117474893224	0.115280220389	0.0788178744148	0.0650986332836	0.0628877511508
-20.245 0.468150347505	0.125973701934	0.123535167544	0.0834418231426	0.0685462563279	0.0661273291215
-20.236 0.499070427736	0.135432080945	0.132712845056	0.0884872221491	0.0722772453767	0.0696344014643
-20.227 0.533249718262	0.145999921195	0.142955671084	0.0940068186953	0.076323488833	0.0734366094143
-20.217 0.575637823346	0.159263766908	0.155795102305	0.100770710576	0.081233627077	0.0780467506812
-20.207 0.623445609487	0.174424317779	0.170448942329	0.108294918572	0.0866361710592	0.0831127179535
-20.197 0.677657500019	0.191860795648	0.18727540806	0.116697686375	0.0925991466683	0.0886952235272
-20.188 0.732929228354	0.209892778116	0.204647316244	0.125128243363	0.0985109751451	0.0942200259114
-20.179 0.795482162008	0.230594033857	0.224555883831	0.134509292098	0.105010153131	0.10028223574
-20.17 0.866688168289	0.254517915963	0.247519467324	0.144989121685	0.112177054313	0.106953343781
-20.161 0.948266163079	0.282368783758	0.274195765041	0.156746090144	0.120106279242	0.114317244456
-20.152 1.04239514088	0.315054219429	0.305429239293	0.169996243304	0.128909786139	0.122472877026
-20.142 1.16513346993	0.358495444119	0.346825233227	0.186792596085	0.139879814494	0.132606687413
-20.133 1.29598946643	0.405754471607	0.391719140215	0.204135570777	0.15099901445	0.142846683481
-20.124 1.45129735404	0.463002444122	0.445919720281	0.224013575616	0.163501784252	0.154324275794
-20.115 1.63779750865	0.533258964196	0.512182565472	0.246945204465	0.177627306142	0.167246848703
-20.106 1.86479715759	0.620773767067	0.594361124503	0.27358860854	0.193668728559	0.181867117124
-20.097 2.14546584383	0.731678791545	0.697974841313	0.304789049394	0.21198845104	0.198495539425
-20.088 2.4989741751	0.875080428013	0.83115094688	0.341646457094	0.233038703454	0.217516882696
-20.079 2.95417168982	1.06496549218	1.006248107	0.385613205568	0.257389621514	0.239412604901
-20.069 3.63500267169	1.35810602668	1.27408832627	0.445196550337	0.289208189696	0.267858263921
-20.059 4.60352436273	1.79014432829	1.66410854489	0.519715348381	0.327313285062	0.301693993299
-20.049 6.05746951178	2.46372726497	2.26274707013	0.614597086367	0.373473850783	0.342370324782
-20.04 8.10852260522	3.45065660668	3.12292287144	0.724037572401	0.423901083206	0.386443710548
-20.03 12.0334824906	5.41847106218	4.791723247	0.883646814177	0.49289167243	0.44617623112
-20.021 18.8638215236	8.99251705525	7.71074343818	1.07691816917	0.570442751526	0.512605005319
-20.012 33.9144863225	17.2111453736	14.0989999481	1.34087382446	0.667801174448	0.595023816454
-20.003 73.6658939238	39.6033045394	30.8561427296	1.71438260144	0.792307668734	0.698990676719
-19.994 153.855026132	79.0510326438	70.7483742253	2.26687766416	0.955030986256	0.832696189687
-19.985 116.662213089	49.2585258687	62.0889733118	3.13192694513	1.1732799365	1.00860712405
-19.976 54.1544786219	20.7455963177	26.0945170169	4.59190068751	1.47532105249	1.24643662552
-19.967 33.5678373252	10.3783017022	12.3788820317	7.32139484045	1.90980354227	1.57881148404
-19.958 30.8735289049	6.06961518353	6.96931624875	13.2050961834	2.56605283207	2.06281251516
-19.949 43.1971356964	3.94630707101	4.41636851562	28.4063920036	3.62198325165	2.80541014768
-19.94 81.9051911665	2.76020993793	3.03385996797	66.6140640831	5.47097796937	4.02528392642
-19.931 85.5641561005	2.03491390159	2.20735306017	65.9893254301	9.10919125467	6.22256515184
-19.922 59.542223642	1.56057928283	1.67593612991	28.0669070723	17.5181503622	10.7199232909
-19.909 103.146577716	1.1207540479	1.190637706	9.89135195109	59.4427934104	31.5001755106
-19.9 151.951255526	0.916530909168	0.968078293916	5.83872868508	72.6021063817	71.6247932315
-19.891 98.271795148	0.763297802308	0.802388695476	3.82017402347	32.222127165	60.6629567672
-19.882 44.0182811211	0.645430918455	0.675769780424	2.68392180901	14.5762832754	25.436193496
-19.873 23.150465032	0.552850300098	0.576863050297	1.98519441702	7.90625075852	12.1286892905
-19.864 14.2444508994	0.478820741432	0.498148934461	1.52629006463	4.8860284168	6.85457281284
-19.855 9.71659203116	0.418705342721	0.434491433227	1.20926661513	3.29868827095	4.35486405858
-19.846 7.10045312973	0.369228372373	0.382287070432	0.981339201577	2.37002981681	2.99700000835
-19.837 5.44551540476	0.328023081371	0.338947892778	0.812095719386	1.78248128859	2.18340341181
-19.828 4.32707539212	0.293345341472	0.302576834977	0.683041478978	1.38814358256	1.65940711745
-19.819 3.53255068163	0.263887154818	0.271757882266	0.58241703941	1.11105777126	1.30287175972
-19.81 2.9458146697	0.238652161461	0.245416920477	0.502461305068	0.909107367951	1.04961915392
-19.801 2.49892213783	0.216870681282	0.222727337323	0.437887230331	0.757466040543	0.863413963762
-19.791 2.1158401166	0.195991531913	0.201020132911	0.379714705552	0.629468937421	0.709088542902
-19.782 1.84405503951	0.179675157157	0.184086920017	0.336721824982	0.540064352078	0.602950847684
-19.773 1.62306100384	0.165315172029	0.169207005747	0.30063363224	0.468411663648	0.518937761675
-19.761 1.38692177492	0.148700571549	0.152018867329	0.260884724719	0.393078342444	0.431683542083
-19.752 1.24299616399	0.137830916246	0.14079096998	0.236026924871	0.347887785768	0.379903767199
-19.743 1.12095421929	0.12811172393	0.130763307623	0.214559606442	0.3100599205	0.336903718711
-19.734 1.01649363064	0.119386245648	0.121770777761	0.195893508021	0.278079662586	0.300807296762
-19.725 0.926333201172	0.111523535443	0.113675708289	0.179561948481	0.250802131164	0.270213494773
-19.716 0.847932641391	0.104413518275	0.106362567303	0.165191473131	0.227349270678	0.244059148353
-19.707 0.779298697704	0.0979631233387	0.0997338255756	0.152480380088	0.207038622093	0.221525771079
-19.698 0.718848366384	0.0920932277527	0.0937066934758	0.141182800059	0.189333313177	0.201975018198
-19.689 0.665310672121	0.0867362222273	0.0882105273861	0.131096747661	0.173806344451	0.18490315613
-19.68 0.617655008533	0.0818340582112	0.083184753174	0.122055051603	0.160114687246	0.169908404349
-19.671 0.575038097352	0.0773366707043	0.0785771922132	0.113918397818	0.147980231462	0.156667155011
-19.661 0.532753535467	0.0727617659983	0.073893478787	0.105797663049	0.136048688751	0.143693031785
-19.652 0.49863116244	0.0689833499561	0.0700277498191	0.0992100318376	0.126503314714	0.133347384648
-19.643 0.467740420579	0.065492325543	0.0664581625297	0.0932198729137	0.117929276001	0.124081016881
-19.635 0.442669795222	0.0626074021704	0.0635098829137	0.0883399546883	0.111019871671	0.116632522066
-19.625 0.414112748356	0.0592621852911	0.060093021269	0.0827615043321	0.103205761532	0.108229610906
-19.616 0.390746373305	0.0564760226116	0.0572487157753	0.0781813713823	0.0968583819112	0.101420755494
-19.604 0.36259178147	0.0530573882875	0.0537606905077	0.072644166556	0.089268392117	0.093299392466
-19.596 0.34550452885	0.0509483111903	0.0516099028926	0.0692738332886	0.084694229267	0.0884160777087
-19.587 0.327707351991	0.0487228800941	0.0493413923096	0.0657557318742	0.0799569836224	0.0833677085569
-19.578 0.311270248417	0.0466405166424	0.0472196044531	0.062499553242	0.0756070373301	0.0787403951611
-19.569 0.296056806575	0.0446892128692	0.0452321518307	0.0594799265506	0.0716032963742	0.074488586719
-19.56 0.281947430862	0.0428581945329	0.0433679270593	0.0566744795214	0.0679099746021	0.0705727280736
-19.55 0.267437685346	0.0409530530593	0.0414289850385	0.0537845228407	0.0641324437336	0.0665739992868
-19.541 0.25532850941	0.0393453099112	0.0397933258079	0.0513689527665	0.0609963831829	0.0632593538002
-19.532 0.244034477248	0.0378307127115	0.0382529495332	0.049112972736	0.0580853747167	0.0601867779439
-19.523 0.233483462309	0.0364022000853	0.0368005926814	0.0470028250417	0.0553783865438	0.0573332600095
-19.514 0.223611189579	0.0350533670894	0.0354296655497	0.0450262029022	0.0528567871177	0.0546784586487
-19.505 0.214360206712	0.0337783930724	0.0341341606584	0.0431720705512	0.0505040238163	0.0522043395478
-20.494 0.136786033561	 0.0322294	0.0319159	0.025964	0.0233012	0.0228633
-20.488 0.139803973654	0.0330032712308	0.0326784621837	0.0265188228547	0.0237689805803	0.0233219284202
-20.48 0.143992171728	0.0340800857204	0.0337392233468	0.0272875041952	0.0244157509701	0.0239566818541
-20.472 0.148379198304	0.0352114449531	0.034853445206	0.0280910162849	0.0250902148591	0.0246197315199
-20.463 0.153568631686	0.0365540791854	0.0361753884741	0.0290392477595	0.0258840669304	0.0254020280378
-20.454 0.159046883365	0.0379762826464	0.0375752655899	0.0300375197561	0.0267174096287	0.0262261042851
-20.444 0.165500550035	0.0396576229442	0.0392296825203	0.0312097417314	0.0276928741894	0.0271957873876
-20.435 0.171667437385	0.0412695857177	0.0408153103442	0.0323257416214	0.0286185105661	0.028122954707
-20.426 0.178205276197	0.0429832447818	0.0425004309974	0.0335039637387	0.0295925941372	0.0291092053872
-20.417 0.185149997151	0.0448073109112	0.0442935305478	0.0347490968494	0.0306185282967	0.0301651767829
-20.408 0.192546598319	0.046751448261	0.0462040275955	0.0360662805842	0.0317000126289	0.0313079371241
-20.399 0.200456683137	0.0488264023892	0.0482424061198	0.03746115868	0.0328410640571	0.0325681840812
-20.39 0.208977744422	0.0510441489547	0.0504203808681	0.0389399399936	0.0340460223033	0.034009137294
-20.381 0.218300768572	0.0534180674285	0.0527511242116	0.0405094691636	0.0353194954673	0.035783692589
-20.372 0.22891311031	0.0559631467513	0.0552496542056	0.0421773106702	0.0366660687453	0.0383367923258
-20.363 0.242314288519	0.0586962397263	0.0579337073336	0.0439518540341	0.0380891923796	0.0431206814217
-20.354 0.259114161326	0.0616363568076	0.060822632631	0.0458423661247	0.0395947283473	0.0506913799319
-20.346 0.265527459569	0.0644406692543	0.0635711651139	0.0476282807373	0.0410269294125	0.0483354051174
-20.339 0.270735097807	0.0670556954624	0.0661359011821	0.0492791185542	0.0423462047538	0.0453952230769
-20.331 0.280068537374	0.0702459892267	0.0692752954971	0.0512746632159	0.0439285901706	0.0448218219022
-20.322 0.292974012311	0.074119914087	0.0731190538586	0.0536706767873	0.0458143271352	0.0457279013449
-20.314 0.305822097133	0.0778456603086	0.0768162838005	0.0559457693424	0.0475949259925	0.0470970743084
-20.305 0.321261857248	0.082371805814	0.0811640097115	0.0586794536703	0.0497329926012	0.0487908624023
-20.296 0.338154824873	0.0873036194905	0.0859303603126	0.0616215296362	0.0520180483452	0.0507581150629
-20.287 0.35662349079	0.0926972582072	0.0911742653486	0.0647936801265	0.0544641340797	0.0529705336825
-20.278 0.376765382692	0.098610437024	0.0969303196697	0.0682195857517	0.0570880601216	0.0553928654728
-20.269 0.39874902102	0.105111122817	0.103257351672	0.0719267248587	0.0599078776442	0.058021315008
-20.259 0.425598466687	0.11312094681	0.111048144159	0.0764140764637	0.0632952930133	0.0611947882267
-20.25 0.452229189098	0.121142209221	0.118843281787	0.0808240021277	0.0665978003071	0.0642961337641
-20.241 0.481517728037	0.130050676929	0.127492343549	0.0856292356218	0.0701676925699	0.0676514611321
-20.232 0.513832192732	0.139981989811	0.137124276585	0.0908784059354	0.074034601127	0.0712860320473
-20.223 0.549609379245	0.151098744527	0.147893480131	0.0966278583279	0.0782323708021	0.0752294558795
-20.215 0.584737265981	0.162133226037	0.158570395053	0.102211246236	0.0822727229622	0.0790216763089
-20.206 0.62856050443	0.176058520308	0.172027189821	0.10909351949	0.0872060293407	0.0836466349211
-20.199 0.666248023241	0.188170108835	0.183716203509	0.114940413174	0.0913580630936	0.0875341363912
-20.19 0.720060016394	0.205672034794	0.200583667057	0.123177357345	0.097149061843	0.0929481521287
-20.181 0.780886793238	0.225736802937	0.219887902675	0.132335303973	0.103511220163	0.0988851521335
-20.173 0.841893494852	0.246145342851	0.239488212871	0.141363442362	0.109708380228	0.104657088693
-20.164 0.919797523645	0.272597689175	0.264843493269	0.15267273336	0.117371987215	0.111779869343
-20.155 1.00946641738	0.303555458089	0.294450055312	0.165398447456	0.125870403106	0.119659541084
-20.147 1.1011109213	0.335723904559	0.325141734747	0.178097402282	0.134226447792	0.127388205164
-20.138 1.22062542246	0.378422166746	0.365771953196	0.194216171129	0.144664329622	0.137016719431
-20.129 1.36164378592	0.42980810813	0.41451594271	0.212629217566	0.156371868832	0.147783643102
-20.12 1.5298532042	0.49240323708	0.473682142711	0.233792984126	0.169563427854	0.159875398359
-20.111 1.7330117044	0.569712396257	0.546460217474	0.258283202592	0.18450055808	0.173518198182
-20.102 1.98194402448	0.66672104421	0.637356581311	0.286834307675	0.201505025678	0.188988673313
-20.093 2.29215291432	0.7907115284	0.752902448546	0.320394901305	0.220976229409	0.206627963139
-20.084 2.68652589783	0.95265440906	0.902847340975	0.360207183652	0.243414786209	0.226860621593
-20.075 3.20008506361	1.16968617384	1.10225709161	0.407922937358	0.269454909808	0.250220311834
-20.067 3.80112899745	1.43106477275	1.34032608001	0.458760998799	0.296277359471	0.27415384749
-20.058 4.7225860265	1.84427855878	1.71262095794	0.528178529484	0.331532717295	0.305425976567
-20.05 5.88120826239	2.38074100955	2.18954945192	0.603988496304	0.3684323254	0.337943665256
-20.042 7.56616430819	3.18625337089	2.89423179938	0.697328764917	0.41184860183	0.37594279965
-20.033 10.5873057953	4.68376731128	4.17491839191	0.830644680229	0.470526163773	0.426880426934
-20.024 16.0372296948	7.49603108672	6.50301343235	1.00601667224	0.54267754102	0.488904773545
-20.016 25.5941155549	12.6258346624	10.5770396721	1.21283186272	0.621682059243	0.5561110862
-20.007 50.9515252071	26.7730653785	21.2636921027	1.53137805721	0.733019997942	0.649674480893
-19.999 107.752938157	58.3087265817	45.8981817855	1.93196633143	0.859065291552	0.754126741209
-19.99 158.276938219	73.7988863716	79.9275319615	2.60095762122	1.04382356256	0.904710306072
-19.981 81.7809474817	33.1105546237	42.5885562579	3.68102019107	1.29490950213	1.10511475074
-19.972 41.7951995319	14.9022578769	18.2834246535	5.58094962664	1.64804883899	1.37984964032
-19.963 30.7492411499	8.04794680586	9.42046400892	9.3433471447	2.16641270891	1.77043523855
-19.954 34.0175586914	4.95898662722	5.62266900859	18.1136584876	2.96997463273	2.35162399755
-19.945 56.7855773882	3.34115238729	3.70657338871	42.1602702916	4.30822040648	3.26864383019
-19.936 96.200897729	2.39702489795	2.61802297884	79.5880267487	6.76454180087	4.8324414218
-19.927 69.4597400954	1.80080154717	1.94409460952	45.9900149594	11.9258131688	7.79825807879
-19.919 60.2563529696	1.43869831469	1.54068925914	21.2890636679	22.7109614524	13.2762101789
-19.91 95.8379328649	1.14755974732	1.21998837488	10.5757007353	54.3023155336	28.5915263087
-19.902 149.116861589	0.956807644153	1.01181953615	6.49689232686	78.7643848629	61.8859480797
-19.893 115.677771055	0.793850299875	0.83533048454	4.16838471648	39.3025040474	70.576796572
-19.884 52.1358280119	0.669147087796	0.701185883427	2.88845271225	17.0938244737	30.7825107879
-19.875 26.2862911373	0.571622871961	0.596877461793	2.11492030003	8.9392956437	14.0629479698
-19.866 15.7021655975	0.493931313692	0.514187486111	1.61349767357	5.38977361395	7.69018114507
-19.859 11.4012080522	0.443940311448	0.46118363621	1.33671807106	3.89297229773	5.26581239569
-19.85 8.10608199068	0.390073287983	0.404259658131	1.07394576862	2.72749688856	3.50973481751
-19.84 5.92266527391	0.340957206522	0.352537911027	0.863305716439	1.95159683119	2.41370228072
-19.833 4.89793812984	0.311891073644	0.322016170048	0.750592550909	1.58896002021	1.92391578373
-19.825 4.03333456377	0.283000660271	0.291745969424	0.646788407822	1.28531663381	1.5259226002
-19.816 3.31794939597	0.255048262796	0.262525192637	0.553770114707	1.0368756965	1.20917155238
-19.807 2.78378305237	0.231040664408	0.237483081162	0.479436671829	0.853875144856	0.981390062227
-19.799 2.41403532971	0.212436077643	0.218113318208	0.425230660773	0.728926914185	0.828771623928
-19.79 2.08264844343	0.194071137062	0.199025733613	0.374543365142	0.618482148992	0.695969838584
-19.781 1.81725193617	0.177989038871	0.182338621559	0.332400197988	0.531320647096	0.592647518907
-19.772 1.6010745521	0.163826742047	0.167665949916	0.296985496411	0.461340682439	0.510699923511
-19.764 1.44069978143	0.152611025185	0.156061531235	0.27004847592	0.410111363437	0.451311664948
-19.756 1.30395936127	0.142509439015	0.145622000056	0.24661585173	0.366956584944	0.401699727572
-19.747 1.17279630153	0.132300027128	0.135083141027	0.223723009119	0.326070313896	0.35506393904
-19.738 1.06097985594	0.123150470069	0.125649041857	0.203876038659	0.291651621552	0.316096638
-19.729 0.964816173707	0.114919037501	0.117170573235	0.186557981332	0.26240630707	0.283206004671
-19.72 0.881463904638	0.107486912317	0.109522935062	0.171357003564	0.237348118588	0.255192400374
-19.711 0.808706424978	0.100753886767	0.102601046301	0.157941765433	0.2157149049	0.231137988177
-19.703 0.751503408201	0.0952868751586	0.0969852817342	0.147297632248	0.198875538977	0.21250095724
-19.694 0.694266567336	0.089652668769	0.091202214434	0.136561193277	0.182185596006	0.194107423438
-19.685 0.643458153922	0.0845044741687	0.0859220558773	0.126958140902	0.1675124339	0.178003208255
-19.677 0.602926578309	0.0802922222138	0.0816047937879	0.119248461075	0.155909003517	0.165313913421
-19.668 0.561828304645	0.0759198251288	0.0771262923562	0.111386543828	0.14424091564	0.152596142203
-19.66 0.528788529739	0.0723267792846	0.0734483213219	0.10503376047	0.134935629706	0.142485085288
-19.651 0.495047182878	0.0685818183572	0.0696170779396	0.0985163319331	0.125505203251	0.132267372084
-19.642 0.464489573301	0.0651209044729	0.0660785043344	0.0925880319729	0.117030818912	0.123111497923
-19.633 0.436722607403	0.0619160216224	0.0628035332679	0.087179949954	0.109387521218	0.11487531978
-19.626 0.416840006575	0.0595844604311	0.0604221121744	0.0832951695003	0.103949370947	0.109028279273
-19.617 0.393241954368	0.0567757578523	0.0575546382308	0.0786712076051	0.0975342479942	0.102145028142
-19.608 0.371622981679	0.0541615165002	0.0548869915905	0.0744225361082	0.0916959546501	0.0958944410219
-19.599 0.351765518699	0.0517241887794	0.0524010257722	0.0705096163441	0.0863673635175	0.0902013089266
-19.59 0.333481350696	0.0494481623429	0.0500806080481	0.0668979815235	0.0814908323628	0.0850012718094
-19.581 0.316606956092	0.0473195095584	0.0479113571674	0.0635574757704	0.0770166405843	0.0802389939719
-19.572 0.300999691161	0.0453257740054	0.0458804200755	0.0604616230714	0.0729017182234	0.0758666875867
-19.563 0.286534649188	0.0434557878788	0.0439762811405	0.0575871014009	0.0691086066141	0.0718429104726
-19.555 0.27454669717	0.0418893302492	0.0423817767625	0.0552010654903	0.0659805830916	0.06852953791
-19.546 0.26195022271	0.0402265198511	0.0406897669804	0.0526902877557	0.0627093997258	0.0650693440605
-19.537 0.250212786575	0.0386610919391	0.0390973991599	0.050347446153	0.0596761272784	0.0618653137249
-19.528 0.239257396601	0.0371855855224	0.0375969973146	0.0481578882397	0.0568582402654	0.0588927700213
-19.519 0.229015552219	0.0357932405067	0.0361816080748	0.0461085251893	0.0542358168776	0.0561299369973
-19.511 0.220461155183	0.0346204410627	0.0349897323917	0.0443950602607	0.0520545361021	0.0538345067615
-19.503 0.212383514354	0.0335045531798	0.0338559472018	0.0427756576411	0.0500026002436	0.0516774237622
-20.493 0.137281931822	 0.0323564	0.0320411	0.0260552	0.0233782	0.0229388
-20.484 0.141873994572	0.0335350817059	0.0332023760508	0.0268989361984	0.0240889988987	0.0236358850109
-20.476 0.146160039226	0.034638721333	0.0342894313596	0.027684777534	0.0247494247603	0.0242845490188
-20.468 0.150651321948	0.0357987322701	0.0354317287337	0.0285064903223	0.02543832276	0.0249624913948
-20.459 0.155966450931	0.0371759807251	0.0367875783492	0.0294765417843	0.0262494143665	0.0257629015867
-20.45 0.161580267017	0.0386355618836	0.0382240552119	0.0304981784953	0.0271011414253	0.0266068135051
-20.441 0.167516922967	0.0401841461924	0.039747659298	0.0315751004387	0.0279962352617	0.0274987770048
-20.432 0.173803865357	0.0418290939911	0.0413655612947	0.0327113459413	0.0289376598272	0.0284447035261
-20.423 0.180472985096	0.043578542897	0.0430856884328	0.0339113295034	0.0299286346427	0.0294527820958
-20.414 0.187562731103	0.0454415083861	0.0449168243416	0.0351798846887	0.0309726591571	0.0305353242787
-20.405 0.195122459844	0.0474279999104	0.0468687266902	0.0365223128929	0.0320735367619	0.0317128048517
-20.395 0.20416033165	0.0497936781278	0.0491924146883	0.0381076451065	0.0333684422247	0.0331804081376
-20.387 0.211981831795	0.0518173977803	0.0511796226425	0.039452675445	0.0344626683685	0.0345511089193
-20.377 0.222806419411	0.0545271274675	0.0538398913671	0.041238116473	0.0359086947153	0.0367732077826
-20.368 0.234365725137	0.0571535659098	0.056418473381	0.0429522918383	0.0372890041377	0.0400313984417
-20.359 0.249833922843	0.0599761891089	0.0591915410188	0.0447771890722	0.0387468952922	0.0466176043148
-20.35 0.263390569668	0.0630149729211	0.062174531724	0.0467223883021	0.0402993923244	0.0506527565126
-20.34 0.269787434489	0.0666723961563	0.0657595883844	0.0490380061554	0.0421541710947	0.0456401234718
-20.329 0.282760070557	0.0710796013974	0.0700986444897	0.0517927893753	0.0443376395148	0.0449292750018
-20.32 0.296089610939	0.0750255515444	0.0740236406685	0.0542263327801	0.0462496290197	0.0460422708696
-20.311 0.310839704556	0.0793135115878	0.0782347026419	0.056835447773	0.0482915554595	0.0476419929882
-20.302 0.326719752934	0.0839676722783	0.0827005067298	0.059635887211	0.0504778047932	0.0494150165787
-20.293 0.34413309091	0.0890475228363	0.0876242283027	0.0626522587887	0.052814700648	0.0514710765561
-20.284 0.363144315054	0.0946074628604	0.0930335070626	0.0659061750034	0.0553181602517	0.0537552279486
-20.275 0.383878871823	0.100708368845	0.0989725049625	0.0694225822284	0.0580052883613	0.0562458431692
-20.266 0.406522145305	0.107422018353	0.105505706515	0.0732302533025	0.0608947537792	0.0589446094256
-20.257 0.431303462415	0.114832910904	0.112712433538	0.0773621478749	0.0640074610279	0.0618631712864
-20.248 0.458496066128	0.123040793764	0.120687312643	0.0818560665017	0.0673670192915	0.0650189894781
-20.238 0.491932977355	0.133240047104	0.130586731482	0.0873270222292	0.0714220821779	0.0688305878935
-20.229 0.525349349929	0.143546934257	0.14057918016	0.0927362710685	0.0753952890949	0.0725645955392
-20.22 0.562391868867	0.155100554322	0.151767040523	0.0986665506659	0.079711699416	0.0766183570851
-20.211 0.603613832013	0.168110162728	0.164348563735	0.105186909605	0.0844119581602	0.0810279688527
-20.202 0.649680916749	0.182830806061	0.178564886371	0.112378221626	0.0895429068746	0.0858352079941
-20.192 0.707536243792	0.201577437597	0.196639968464	0.121271863301	0.0958153101677	0.0917020662453
-20.182 0.77374372436	0.223365568962	0.217608340042	0.131268067847	0.102773804488	0.0981976071584
-20.172 0.850035077435	0.24888968588	0.242121293289	0.142556710518	0.110522107961	0.105414173212
-20.163 0.929138186734	0.275797593852	0.267907030138	0.154012663928	0.11827291885	0.112616146107
-20.154 1.02026103604	0.307317437711	0.298043080957	0.166910067688	0.126871444098	0.120586406041
-20.145 1.12604739748	0.34456488326	0.333564392207	0.181501023638	0.136445831945	0.129437854666
-20.136 1.24993026099	0.389013930383	0.375832492522	0.198095208601	0.147149378462	0.139304969904
-20.127 1.39643856386	0.442644151198	0.4266671845	0.217076389268	0.159166686344	0.150348930952
-20.117 1.59323016847	0.516328442183	0.496238951726	0.241554232869	0.174334013724	0.164238154874
-20.108 1.81025383446	0.599557610252	0.574473793265	0.267307230471	0.18992107955	0.178456586817
-20.099 2.07759438257	0.704605054162	0.672732897268	0.297410185601	0.20769897284	0.194608420777
-20.09 2.41284052002	0.839788377525	0.798454454345	0.332899252867	0.228097841141	0.213060213141
-20.081 2.84225369567	1.01778153089	0.962863656585	0.375137976986	0.251658704092	0.234269624472
-20.072 3.40656031937	1.25865135134	1.18353150542	0.425949494587	0.279069556854	0.258813968249
-20.063 4.17185762203	1.59566213178	1.48918714168	0.487815333621	0.311215952282	0.287429756219
-20.054 5.25152500551	2.08712202532	1.92934839745	0.564181996776	0.34925308787	0.321068353927
-20.045 6.85385621578	2.84256466234	2.59510130335	0.65994745642	0.394710498061	0.360975694784
-20.036 9.39616502867	4.0865984274	3.66828693161	0.782258682941	0.449647326436	0.408808692251
-20.027 13.8132862067	6.33496497994	5.55217605777	0.941868974438	0.516888090703	0.466808964866
-20.015 27.3671531542	13.5957335107	11.3294949291	1.24307464323	0.63275428973	0.56547402607
-20.006 55.6946564431	29.4543741086	23.2565674391	1.57429779805	0.74720367776	0.661503495213
-19.996 137.637005947	72.9926025548	60.8054968329	2.12327041061	0.914809817267	0.799862236722
-19.987 136.179211396	59.3446267979	71.8480361505	2.9018134509	1.11876556301	0.965009237625
-19.978 63.2309787804	24.8431591308	31.6098245759	4.19151040853	1.39891117919	1.18683858203
-19.969 36.1212655601	11.9183062243	14.3683051107	6.54146300525	1.79814682886	1.49439288205
-19.96 30.351883897	6.76565771831	7.82455917568	11.4292033011	2.394020225	1.93780927695
-19.951 38.6640199464	4.31122315421	4.84850317876	23.5561820116	3.33795673857	2.60949433438
-19.942 71.268650002	2.97314413944	3.27939005383	56.3646644357	4.95630207537	3.6943871223
-19.933 93.0031691401	2.16930675191	2.35928933194	74.8213159025	8.04846591808	5.60396103646
-19.924 61.8369579731	1.65058299111	1.77616439326	34.1041062801	14.9167589067	9.38861100446
-19.915 69.3232521157	1.29710188939	1.38428550132	15.2413574131	33.1793727938	18.220375673
-19.906 126.580639263	1.04571788277	1.10864471116	8.18127438494	73.8018427327	42.4422210044
-19.897 144.396467311	0.860706936738	0.907581179043	5.02063869184	57.9015790804	79.7049669544
-19.888 74.8549372434	0.720664498096	0.756503008269	3.37324366548	24.2122508146	45.7914974979
-19.879 34.78634111	0.612147704119	0.640154656694	2.41519676503	11.6766737974	19.4415149916
-19.868 17.4046375686	0.509767384811	0.531011829321	1.70834253207	5.97333994771	8.68157630954
-19.857 10.5060849017	0.431046324383	0.447539611747	1.27061116639	3.57768014132	4.77862899746
-19.848 7.57700319871	0.379436429869	0.393043410449	1.02608360275	2.53945723437	3.23841248824
-19.839 5.75650740614	0.336562175501	0.347918556057	0.845712027402	1.89266567953	2.33308410089
-19.83 4.54214053722	0.300559970766	0.310135769895	0.708925781139	1.46366263475	1.75829478762
-19.821 3.68803847824	0.270037410246	0.278186151907	0.602765276492	1.16500326208	1.37148693306
-19.812 3.06223473389	0.243937354512	0.250929044172	0.518743390015	0.948949051597	1.09911788456
-19.803 2.58858478088	0.221445608039	0.227489320149	0.451116618637	0.78770944775	0.900266737163
-19.794 2.22054059317	0.201926927691	0.207186580133	0.395887301054	0.664240359013	0.750743005777
-19.785 1.92827570854	0.184879851961	0.18948541697	0.350204306917	0.567628044214	0.635522061421
-19.776 1.69191822307	0.169904284888	0.17395988418	0.311990411683	0.490626559039	0.544881273501
-19.767 1.49778700122	0.156677881286	0.160267716548	0.279703517382	0.428274593382	0.472307567619
-19.758 1.33619615785	0.144938606085	0.148131361563	0.252179520713	0.377083809137	0.413307117838
-19.749 1.20012130109	0.134471690546	0.137323841364	0.228526442041	0.33454427394	0.364699212816
-19.74 1.08436044077	0.12509976331	0.127658089525	0.208051573232	0.298813093737	0.324181918575
-19.73 0.974822481243	0.11579217062	0.118069499236	0.188370902305	0.265433164797	0.286600501439
-19.721 0.89016603275	0.108276490216	0.110335061993	0.172952351584	0.239950896629	0.258094728803
-19.712 0.816325230047	0.101470236768	0.103337195927	0.15935299093	0.217969206812	0.233638800885
-19.7 0.731643826525	0.0933511066127	0.0949978535549	0.143582162063	0.193066009319	0.206089458466
-19.691 0.676666579202	0.0878854516732	0.0893892556674	0.133242432407	0.177087227693	0.188504619372
-19.682 0.627782568189	0.0828867975659	0.0842637315708	0.123981583674	0.163013792578	0.173078694737
-19.673 0.584110724394	0.0783034252686	0.0795673643026	0.115654625159	0.150554540424	0.15947240845
-19.664 0.544925429735	0.0740905801785	0.0752535524183	0.108140119064	0.139471842796	0.147410566972
-19.655 0.509624445103	0.0702093766127	0.0712818507658	0.101335735902	0.129570220517	0.136668072573
-19.646 0.477704352412	0.0666258981516	0.0676170199844	0.0951547581387	0.120687684633	0.127059371003
-19.637 0.44874155373	0.0633104548195	0.0642282428693	0.0895233078055	0.112689082944	0.118430403001
-19.628 0.422377428074	0.0602369666254	0.061088474949	0.0843781317494	0.105460938481	0.110652403285
-19.619 0.39830663235	0.0573824494857	0.0581739036429	0.0796648199631	0.0989074096489	0.103617077981
-19.609 0.373934394655	0.0544429480481	0.055174111414	0.0748773540862	0.0923183439347	0.0965601476042
-19.6 0.353890996102	0.0519867673209	0.0526687899257	0.0709289163021	0.0869361245313	0.0908084355707
-19.591 0.335440508617	0.0496935351497	0.0503307181303	0.0672853675259	0.0820119527896	0.0855564939276
-19.582 0.318416869187	0.047549147875	0.0481453318469	0.063916106195	0.0774952954574	0.0807480628401
-19.573 0.302675280486	0.0455409951437	0.046099618187	0.0607942751297	0.0733423987288	0.07633457967
-19.564 0.288089002312	0.0436577741447	0.0441819214509	0.0578962250214	0.0695152256972	0.0722739493498
-19.554 0.273102060536	0.0416995152888	0.0421885985802	0.0549133024586	0.0656046036613	0.0681315814254
-19.544 0.259270519981	0.0398705056007	0.0403275787793	0.0521556855181	0.0620156162073	0.0643361178171
-19.535 0.247713207574	0.0383256790338	0.0387562843557	0.0498481148261	0.0590320561102	0.0611855525186
-19.525 0.235767326043	0.0367125455501	0.0371160792979	0.0474597952601	0.055963296835	0.0579495243193
-19.516 0.225749411959	0.0353465285135	0.0357275947301	0.0454544966526	0.0534019990059	0.0552521983065
-19.507 0.2163650139	0.0340556168046	0.0344158228298	0.04357403866	0.0510130506347	0.0527393793149
-20.5 0.133868430874	 0.0314829	0.0311803	0.0254268	0.0228475	0.022419
-20.489 0.139293819115	0.0328723304433	0.0325494561206	0.0264250870411	0.0236900067314	0.0232444823822
-20.479 0.144529418766	0.0342184491533	0.0338755057069	0.0273859964086	0.0244985130206	0.0240379765017
-20.47 0.149508532053	0.0355032376392	0.0351407735118	0.0282975816305	0.0252633412134	0.0247901471775
-20.461 0.154760294467	0.0368630326979	0.0364795273556	0.0292566408962	0.0260657519686	0.0255814139506
-20.452 0.160305748654	0.0383037639705	0.0378975474141	0.0302665056967	0.0269082206514	0.0264153020811
-20.443 0.166168420255	0.0398319592959	0.0394011950766	0.0313308055137	0.0277934298189	0.0272961348746
-20.434 0.172374945633	0.0414548185765	0.0409974850045	0.0324535003809	0.0287242898089	0.0282294621063
-20.425 0.178956091406	0.0431802985073	0.0426941682195	0.0336389176881	0.0297039612795	0.0292228519456
-20.416 0.185948583598	0.0450172100373	0.0444998285749	0.0348917938805	0.0307358793389	0.0302874594558
-20.407 0.193398774491	0.0469753308081	0.0464239960161	0.0362173218412	0.0318237779151	0.0314413940659
-20.398 0.201370951382	0.049065535298	0.0484772823435	0.0376212049283	0.0329717100417	0.0327176835094
-20.389 0.209968939539	0.0512999460574	0.0506715514253	0.0391097189504	0.0341840498929	0.0341854790482
-20.38 0.219401832822	0.053692110548	0.0530201566752	0.0406897840729	0.0354654252724	0.0360153294784
-20.371 0.230219194773	0.0562572110609	0.0555383613882	0.0423690507856	0.0368203735195	0.0387138732966
-20.362 0.244100194505	0.0590123264372	0.0582442811642	0.0441560074264	0.0382521193907	0.0439124217763
-20.353 0.260520249808	0.0619767126937	0.0611566490903	0.0460600042759	0.0397685485242	0.051031475262
-20.345 0.266071265227	0.0648047078942	0.0639278735999	0.0478589232786	0.0412118877658	0.0477432533483
-20.337 0.272802568905	0.0678323674174	0.0668988941754	0.0497667827252	0.0427340003765	0.0450478778
-20.33 0.281400097643	0.0706609219842	0.0696849108441	0.0515327330194	0.0441324187947	0.0448669684851
-20.321 0.294521977262	0.0745706034393	0.0735691199489	0.053947418683	0.0460312049778	0.0458814693396
-20.313 0.30748412792	0.0783306478425	0.0772875217737	0.0562400557376	0.0478253194719	0.047278163171
-20.304 0.32306197004	0.0828986124819	0.0816704056955	0.058995641966	0.0499794468753	0.0489950868285
-20.295 0.340128135555	0.0878791281557	0.0864890883267	0.0619622291817	0.0522815809195	0.0509929068877
-20.286 0.358776237809	0.0933274738708	0.0917876173079	0.0651613353994	0.0547465836686	0.0532295543364
-20.277 0.379113491074	0.0993023702936	0.0976038884323	0.0686170622629	0.057391351615	0.0556746475045
-20.268 0.401314273269	0.105873034332	0.103998697848	0.0723573158439	0.0602341330471	0.0583264050519
-20.26 0.422789547929	0.11227933125	0.110229851114	0.0759465996093	0.0629436905771	0.0608649170116
-20.251 0.449145116832	0.120209399317	0.117937129855	0.0803153118032	0.0662181560617	0.0639394189519
-20.242 0.478121294293	0.129013028801	0.126485358552	0.0850743491128	0.0697569462936	0.0672653557296
-20.233 0.510079350524	0.138823207207	0.136000972011	0.0902715636871	0.0735892646736	0.0708675195837
-20.224 0.545447756604	0.149799237592	0.146635265841	0.0959623744168	0.077748453664	0.0747750209102
-20.216 0.580160077039	0.160688873821	0.157173544739	0.101487130422	0.0817506855757	0.078531909987
-20.208 0.618394560135	0.172812793293	0.168892345329	0.107505083681	0.0860719071215	0.0825839574521
-20.2 0.660653991451	0.186364615142	0.181974573956	0.11407666845	0.0907468984133	0.0869622076314
-20.191 0.713755744898	0.203609284557	0.198597121253	0.122219024862	0.0964787145757	0.0923219291692
-20.183 0.76670109998	0.221031524335	0.215364065641	0.130213721214	0.10204427023	0.0975172578641
-20.174 0.833871915656	0.243446156054	0.236897869167	0.140185125627	0.108903636489	0.103908178813
-20.165 0.910601544841	0.269453156997	0.261832212178	0.151350245145	0.116481341783	0.110952919569
-20.156 0.998848015825	0.299862122411	0.290921604763	0.163907301137	0.124881195118	0.118743366707
-20.148 1.08896318239	0.331430416756	0.321049490632	0.176431428456	0.133137055727	0.126381655558
-20.139 1.20637245499	0.373287650467	0.360892396943	0.192319283335	0.14344539512	0.135893744921
-20.13 1.34475140484	0.423598239059	0.408633874316	0.210456744186	0.15500203372	0.146525614403
-20.121 1.5096013147	0.484796258385	0.466503688388	0.231288918952	0.168016747754	0.158459804094
-20.112 1.70840918311	0.560256974851	0.537575728551	0.25537657527	0.182745269082	0.171917634072
-20.103 1.95159373398	0.654768473738	0.626181475079	0.283434124387	0.199501906433	0.187169510486
-20.094 2.2540301561	0.775302839735	0.738579696789	0.316382975089	0.21867639973	0.204548573845
-20.085 2.63760008697	0.932324766378	0.884080487627	0.355427787086	0.24075670954	0.224468986169
-20.076 3.13564310977	1.14210984152	1.07701131845	0.402167563919	0.266360253187	0.247450747848
-20.068 3.71659245896	1.39387373899	1.30658116957	0.451902535153	0.292710767398	0.270978625564
-20.06 4.48916331544	1.73834223631	1.61761511433	0.511453647644	0.323173869087	0.298029994317
-20.052 5.55221674321	2.22675847261	2.05333404025	0.583577468541	0.358650588779	0.329343987797
-20.043 7.31619276814	3.0651598888	2.78908482913	0.684523842374	0.406014037017	0.370852028346
-20.034 10.1651028845	4.47121097971	3.99516034481	0.814030350296	0.463408019666	0.420725731124
-20.025 15.2379984904	7.07694029054	6.16130760415	0.983927375933	0.533871009237	0.481368550843
-20.017 23.9864302965	11.7504838081	9.89378529095	1.18367429485	0.610897334458	0.54697838717
-20.008 46.7278214496	24.3895666336	19.4899988632	1.49017929198	0.719235339516	0.638159258516
-20.001 89.2750301215	48.3086567581	37.5967659331	1.81833990985	0.824677336327	0.7257760577
-19.992 161.640389236	79.3640481321	77.9843597416	2.42540195431	0.99795347002	0.867587276248
-19.983 97.9111100429	40.401702909	51.8313882698	3.39010463136	1.23185736151	1.05521489695
-19.973 44.2916609128	16.1280694398	19.9098362967	5.30636438649	1.6021468752	1.34456734971
-19.964 31.1972620833	8.55393724396	10.0568475881	8.76877564291	2.09765815243	1.71940688751
-19.955 32.9408840713	5.20685718243	5.92117802469	16.6775719042	2.86059695971	2.27403746254
-19.946 52.7576589461	3.47887858422	3.86733429644	38.1482142909	4.11975691425	3.14277032662
-19.937 94.3328362492	2.48086088451	2.71367273768	78.1253588061	6.40238156401	4.60972824021
-19.929 77.0315608692	1.9125390695	2.06951398724	55.7200494503	10.3827024685	6.94597487079
-19.92 59.4635029328	1.4776986506	1.58390533185	23.2881148117	20.7763937304	12.3366629036
-19.913 77.7823067255	1.23397947984	1.31482141348	13.0828121819	40.4899918494	21.6599163309
-19.904 140.214758563	0.999787851333	1.05858062773	7.26886134647	79.2301599756	51.6563875024
-19.894 124.153939378	0.809816896781	0.852564799753	4.36026431251	43.4323350691	74.6980269452
-19.885 56.9331368038	0.681497133303	0.71443357214	2.99948179752	18.578808369	33.958193947
-19.876 28.0978655701	0.581369021116	0.607276684611	2.18455898542	9.52985510814	15.194173283
-19.867 16.5195680131	0.501755805127	0.522498277529	1.65991148689	5.67059915389	8.16420643012
-19.858 10.9392958088	0.437422157488	0.454284909757	1.30303936433	3.73041592846	5.01355349334
-19.849 7.83449906151	0.384699778312	0.398592429956	1.04960730068	2.63098735713	3.37004141596
-19.841 6.09653286419	0.345438820898	0.357249793745	0.881452270716	2.0132997738	2.49852639168
-19.832 4.77458734064	0.308043909904	0.317981346499	0.736305638681	1.54547477916	1.86621946268
-19.823 3.8545960972	0.27640512472	0.284845127605	0.624196396925	1.22295475117	1.44563484746
-19.814 3.18605890449	0.249400045037	0.256628929414	0.535828473857	0.99145770919	1.1521854666
-19.805 2.68339996686	0.226166835927	0.23240565568	0.464953852482	0.819795097268	0.939521295701
-19.797 2.33358201995	0.208136121095	0.213641200699	0.413114366001	0.701966746396	0.796166986539
-19.789 2.05026359691	0.192178835029	0.19706087231	0.369476856064	0.607779904022	0.683210952768
-19.78 1.79105147172	0.176326552062	0.180615117762	0.328161182319	0.522787212953	0.582605518825
-19.77 1.55846841515	0.160909588179	0.164646357319	0.2898855641	0.447670087937	0.494801077002
-19.762 1.40449648101	0.149987177113	0.153348780425	0.263886799625	0.398636297528	0.438081702654
-19.753 1.25781651546	0.138978691766	0.1419759212	0.238609292545	0.352513285102	0.385183536737
-19.745 1.14642213655	0.130180591841	0.132896879295	0.219069452575	0.317914085654	0.345805221914
-19.736 1.03836896416	0.121246427285	0.123687091308	0.199824982088	0.284744439515	0.308309932298
-19.727 0.945272818983	0.113202171345	0.115403278209	0.183009810341	0.256505838093	0.276595395495
-19.718 0.864448005767	0.105933478128	0.107925381237	0.16823185602	0.232268011976	0.249532680014
-19.709 0.793793190826	0.0993437874272	0.101152179714	0.155175014585	0.21130997525	0.226255330057
-19.701 0.738173183097	0.0939897467835	0.0956534779214	0.1448048644	0.194973900975	0.208193994688
-19.692 0.682456415301	0.0884686642067	0.0899875129887	0.134335102523	0.178762632149	0.190344951621
-19.683 0.632942095791	0.0834208144654	0.0848111230425	0.124962018692	0.164492979544	0.174697234612
-19.674 0.588729489597	0.0787936269663	0.0800694959237	0.116537679957	0.151866977681	0.160903392683
-19.665 0.549077450719	0.0745416314007	0.0757152788863	0.108938270959	0.140641670477	0.148681876639
-19.657 0.517160574167	0.0710450136877	0.0721367648919	0.10279111154	0.131677269281	0.138951320494
-19.649 0.487996340988	0.0677892228378	0.0688065191323	0.0971506149771	0.123544130959	0.130146377678
-19.64 0.458090565872	0.0643874990395	0.0653289033025	0.0913435012806	0.115264470901	0.121206277361
-19.631 0.430896562203	0.0612360562131	0.0621089276761	0.0860426834589	0.107790954503	0.113157578526
-19.622 0.40609236635	0.0583109299332	0.0591217566505	0.081190979167	0.101022253343	0.10588562934
-19.613 0.383402864601	0.0555909563023	0.0563454760869	0.076739054554	0.0948724677335	0.0992936285251
-19.606 0.367065033421	0.0536051773749	0.054319451481	0.0735252699144	0.0904699409037	0.0945835472267
-19.597 0.347572521191	0.0512049806427	0.0518716028387	0.0696821182785	0.0852464878594	0.0890052101857
-19.588 0.329614978069	0.0489628526227	0.049585963517	0.0661332017922	0.0804634100361	0.0839069482723
-19.579 0.313033825583	0.0468652098938	0.047448509923	0.0628492328121	0.0760725655925	0.0792352200135
-19.57 0.297690612087	0.0448998971913	0.0454467016604	0.0598044783677	0.0720322141906	0.0749437431758
-19.561 0.283464002521	0.043056010963	0.0435692972224	0.0569762548451	0.0683060223216	0.0709923452753
-19.552 0.270247283611	0.0413237478374	0.0418061958403	0.0543445045146	0.0648622443363	0.0673460209155
-19.543 0.257946285532	0.0396942740617	0.0401483012956	0.0518914390979	0.0616730445941	0.0639741545024
-19.534 0.246477641931	0.0381596126521	0.038587404164	0.0496012385156	0.0587139336138	0.0608498759983
-19.526 0.236922027092	0.0368692140494	0.0372753513891	0.0476907914542	0.056259242742	0.0582613992197
-19.517 0.226830207732	0.0354944953886	0.0358779751746	0.0456709463541	0.0536777828762	0.0555424699303
-19.508 0.217378129603	0.0341955150738	0.0345579658002	0.0437771384224	0.0512704634011	0.0530099979923
-19.5 0.20947003338	0.0331000182902	0.0334449634293	0.0421912319192	0.0492643923121	0.0509019256369
-20.492 0.137780637898	 0.0324842	0.0321671	0.0261469	0.0234555	0.0230146
-20.485 0.141352033206	0.033400908914	0.0330702013866	0.0268031248311	0.0240083702305	0.023556763274
-20.475 0.146709956323	0.0347805632426	0.0344291227326	0.0277854863433	0.0248339473804	0.0243676489041
-20.467 0.151227831873	0.0359478873368	0.0355785854708	0.0286118344406	0.0255265174352	0.0250493978567
-20.458 0.156575041002	0.0373339741556	0.0369430918169	0.0295874446306	0.0263419959624	0.0258544469713
-20.449 0.162223482351	0.0388031032257	0.0383889169088	0.0306150355455	0.027198402606	0.0267034536337
-20.439 0.168882706832	0.0405410887457	0.0400987772539	0.0318223234533	0.0282013276428	0.0277040754924
-20.43 0.175251633385	0.0422085265279	0.0417386823988	0.0329723374238	0.0291534756764	0.0286629990384
-20.422 0.181239176968	0.0437797592741	0.0432834964778	0.0340488010952	0.0300419507732	0.0295691046589
-20.413 0.188378441043	0.0456559361792	0.0451275499403	0.0353252935297	0.0310920987021	0.0306609730169
-20.404 0.195994188789	0.0476568182832	0.0470935200263	0.0366762792502	0.0321995419918	0.0318508872583
-20.396 0.203222581789	0.0495491554077	0.0489522692027	0.0379444390186	0.0332353928659	0.0330236523351
-20.386 0.213004396719	0.052079092155	0.0514365627417	0.039625873129	0.0346032722252	0.0347411520811
-20.376 0.223979592913	0.0548098371723	0.0541174256302	0.0414233939022	0.0360582968472	0.0370511257757
-20.367 0.235838457733	0.0574571560049	0.0567166025042	0.0431494207174	0.0374471253055	0.0405468960895
-20.358 0.251819781406	0.0603027724701	0.0595125289283	0.0449872014362	0.0389139411504	0.0475783102368
-20.349 0.264002257511	0.0633668986298	0.0625193051387	0.0469463938553	0.0404793159958	0.0501641403435
-20.338 0.271741803961	0.06744233913	0.0665156517056	0.0495220379259	0.042539474411	0.0451995126294
-20.328 0.284146938354	0.0715020797728	0.070516604653	0.0520548542872	0.044544266191	0.0450070283228
-20.319 0.29767565615	0.0754847971525	0.0744822715022	0.0545074291855	0.0464696337642	0.0462093103264
-20.31 0.31253604562	0.0798115344382	0.0787120322635	0.0571366443889	0.0485273712176	0.0478259314165
-20.301 0.328577504738	0.0845100739764	0.0832242692177	0.0599599983302	0.050729750634	0.0496305013276
-20.292 0.34616494255	0.0896405588911	0.0882007138256	0.0630016509317	0.0530843331211	0.0517143304333
-20.283 0.365360074378	0.095257413862	0.0936661952956	0.0662834317816	0.0556073352308	0.0540218614872
-20.274 0.386296703118	0.101422643239	0.0996677463927	0.0698307087367	0.0583159868844	0.0565352766447
-20.265 0.40916543875	0.10820933707	0.106271601799	0.0736726948744	0.0612291790492	0.0592577633747
-20.256 0.434200337171	0.115703550476	0.113558706462	0.0778428515947	0.0643680944423	0.0622017362891
-20.246 0.464897742514	0.124984489769	0.122574747875	0.0829081300371	0.0681497368042	0.065754630409
-20.237 0.495481920996	0.134329341813	0.131643333121	0.0879042378682	0.0718477432454	0.0692306954203
-20.228 0.529276847376	0.144765619072	0.141759939433	0.09336828954	0.0758572469412	0.0729986080506
-20.219 0.566754581654	0.156469936127	0.153092161451	0.0993605264249	0.0802141955595	0.0770900291094
-20.209 0.613406279564	0.171223529567	0.167357005036	0.106723887107	0.0855131646172	0.0820602882997
-20.198 0.671915421433	0.190001996845	0.18548298615	0.115814035467	0.091975450949	0.0881117831577
-20.189 0.726450638308	0.207766317541	0.202600196782	0.124147036951	0.0978264490912	0.0935808216887
-20.18 0.788132268726	0.228146019679	0.22220349643	0.133415640359	0.104256631081	0.0995799939928
-20.171 0.858299126099	0.251680196858	0.244798054636	0.143765183892	0.111344953786	0.106179551229
-20.162 0.938626661763	0.279054177119	0.27102403738	0.155370344651	0.119184295547	0.113461890159
-20.153 1.03123589636	0.311149770572	0.301702264947	0.168442538018	0.127884507405	0.121524128096
-20.144 1.13884648747	0.34911684415	0.337898928695	0.183239587566	0.137576273497	0.13048134825
-20.134 1.28034644746	0.400056296609	0.386313559172	0.20209174943	0.149699151928	0.141651206927
-20.125 1.4326423987	0.456063209734	0.439360067085	0.221664658646	0.162037244808	0.152981776396
-20.116 1.61527304397	0.524691452218	0.504116369504	0.244227399353	0.175969087457	0.165732239805
-20.107 1.83720757243	0.610027647577	0.584290808472	0.270420561107	0.19178115759	0.180149725729
-20.098 2.11110053793	0.717951034862	0.68517997321	0.301065716389	0.209827256676	0.196537546613
-20.089 2.45531088302	0.857162908206	0.814557431692	0.337230336493	0.23054840767	0.21527123183
-20.08 2.89735715286	1.04097427789	0.984198787359	0.3803215404	0.25449995942	0.236820159797
-20.071 3.48011392208	1.29055972129	1.21261903174	0.432224267398	0.282389038803	0.261777137347
-20.062 4.27355641228	1.64121907709	1.53025349105	0.495509607975	0.315127117776	0.290899442123
-20.051 5.71295347486	2.30183842913	2.11981621031	0.593651684327	0.363492135907	0.333602277229
-20.041 7.82992383063	3.31456052552	3.00535924991	0.710495437393	0.417809723897	0.381139050656
-20.032 11.0376715754	4.91150490266	4.36684478021	0.847771221313	0.477809365778	0.43317103488
-20.022 17.842219786	8.44924934106	7.27442840318	1.05247698081	0.560955931662	0.50451724267
-20.013 31.5002211717	15.8724906322	13.0793347674	1.30703615441	0.6558028589	0.584922100792
-20.004 66.9911946977	35.8416038071	28.0201726682	1.665693056	0.776830855618	0.686149315203
-19.995 146.513270414	76.6281849336	65.9401358748	2.1933285412	0.934597112909	0.816032320291
-19.986 126.516634938	54.1979479669	67.1721482959	3.0136212187	1.1455387227	0.986448385502
-19.977 58.4035773958	22.6743155289	28.6910990285	4.38499119765	1.43635878513	1.21609283807
-19.968 34.7368711322	11.1105286811	13.3217473198	6.91548591247	1.85272393382	1.53573800178
-19.959 30.5322243278	6.40388487318	7.37901366429	12.2720104438	2.47782222612	1.99885829881
-19.95 40.7674860965	4.12282490995	4.62502881398	25.8384530398	3.47568789943	2.70482432122
-19.941 76.6104264361	2.86374718759	3.15309191761	61.5338729994	5.20433088099	3.85460464966
-19.932 89.5905224274	2.10051333218	2.28144354227	70.7510942049	8.55520553764	5.90144610935
-19.923 60.4107042248	1.60464132696	1.72496671128	30.9118448427	16.1457494439	10.0227718166
-19.912 83.0901989782	1.20412403769	1.28202384725	12.1617136549	44.7373181642	23.7042171247
-19.901 151.319840914	0.936345722051	0.989587929522	6.15500221087	76.2803978335	66.9574911786
-19.892 106.939744594	0.778349907557	0.818611884513	3.98868525379	35.5697751345	65.7834447107
-19.883 47.8483544545	0.65712893446	0.688302348833	2.7834050664	15.7660893364	27.9527350279
-19.874 24.6436390551	0.562119286512	0.586742536896	2.04853123429	8.39993253984	13.0456916381
-19.865 14.9457567626	0.486288141925	0.506073080577	1.56899134425	5.12884821999	7.25496391465
-19.856 10.0992228492	0.424808705936	0.440943234209	1.23937264807	3.43400152454	4.55951928883
-19.847 7.3326186805	0.374280256494	0.387609340006	1.00333886148	2.45257339583	3.11424749915
-19.838 5.59759937913	0.332251514756	0.343389325333	0.828649048452	1.83634405132	2.25640101114
-19.829 4.43254903629	0.296919807588	0.306321353265	0.695803583554	1.42515748881	1.70778549463
-19.82 3.6089751756	0.26693572458	0.274943850984	0.592460414189	1.13755320625	1.33652272441
-19.811 3.00313783343	0.241273055561	0.248150032054	0.510505154826	0.928708986734	1.0739427221
-19.802 2.54313378857	0.219140237944	0.225089441864	0.44442819374	0.772366399881	0.881552550213
-19.793 2.18475648117	0.199918847695	0.205099938829	0.390383611839	0.652337197703	0.73646051957
-19.783 1.87147993918	0.181385356628	0.185860490691	0.341128220922	0.549025277272	0.613524628288
-19.774 1.64552096113	0.166823988543	0.170769414488	0.304349369007	0.475646220956	0.527376187418
-19.765 1.459347705	0.153948860024	0.157444994954	0.273210535705	0.416035380288	0.458152213095
-19.754 1.2729124294	0.140140875187	0.143175905549	0.241234270728	0.357231574132	0.390574026649
-19.744 1.13357757879	0.129139938167	0.131823613727	0.216796938602	0.31395018643	0.341310978543
-19.735 1.02734141021	0.12031093856	0.122723318943	0.197844593742	0.28138246588	0.304523977603
-19.726 0.935729144366	0.112358145995	0.114534602489	0.181273578897	0.253629940984	0.273376521976
-19.717 0.856129019222	0.105169374384	0.107139695121	0.166701262002	0.229788901416	0.246773155474
-19.708 0.786494608466	0.0986498274823	0.100439242455	0.153818840556	0.209157941907	0.22387181657
-19.699 0.725202758714	0.0927189628677	0.0943489559696	0.142374893464	0.191185993398	0.204016678039
-19.69 0.670951769135	0.087307996184	0.0887969533864	0.13216305231	0.175435276947	0.186690857101
-19.681 0.622687231741	0.0823579005587	0.0837216309333	0.1230126544	0.161554479896	0.171482555049
-19.672 0.579547224319	0.0778177920437	0.07906994936	0.114781581348	0.149259055201	0.158060440989
-19.662 0.536764208451	0.0732006963879	0.0743427032056	0.106569941389	0.137175589571	0.14491641722
-19.653 0.50225496352	0.0693884255427	0.0704420735258	0.0999110957714	0.127513392778	0.134440692151
-19.644 0.471026159188	0.065866940278	0.0668411090548	0.0938582143562	0.118838131445	0.125062046201
-19.634 0.439680847065	0.0622602691114	0.0631552236179	0.0877570723804	0.110199157095	0.115748913277
-19.624 0.411412630157	0.0589425238917	0.0597666177694	0.082232960931	0.102470113946	0.107439697722
-19.614 0.385827138373	0.0558836466623	0.0566441603813	0.0772153510783	0.0955275875817	0.0999951631088
-19.605 0.364817953798	0.0533302250774	0.0540389849718	0.0730827222708	0.0898661493053	0.0939381731818
-19.595 0.343455232014	0.0506935719932	0.0513501836157	0.0688691341315	0.0841473294723	0.0878327851133
-19.586 0.325816496943	0.0484846724069	0.0490986310132	0.0653814920338	0.0794553323286	0.0828336598602
-19.577 0.309521761166	0.0464174401614	0.0469923561456	0.06215279103	0.0751457778372	0.0782502001072
-19.568 0.29443661696	0.0444800124531	0.0450191221928	0.0591580163109	0.0711782063332	0.0740375726573
-19.559 0.280443178101	0.0426617425151	0.0431679539792	0.0563751018194	0.067517369156	0.0701568283331
-19.549 0.266049528187	0.0407695794288	0.0412422972843	0.0535077812674	0.0637721646102	0.0661929685347
-19.54 0.254034755555	0.0391725567469	0.039617606659	0.0511106724778	0.0606622312987	0.0629064483936
-19.531 0.24282668944	0.0376678605315	0.0380873559425	0.0488715472004	0.0577748834094	0.0598592963905
-19.522 0.232354131206	0.0362485062162	0.0366443607618	0.0467768187209	0.0550893734593	0.0570288174778
-19.513 0.222553612239	0.0349081571668	0.035282100921	0.0448143298635	0.0525873157826	0.05439494346
-19.504 0.213368379615	0.033641053603	0.0339946265542	0.0429731761228	0.0502523711319	0.0519398764845
-20.498 0.134830096142	 0.0317287	0.0314226	0.025604	0.0229972	0.0225656
-20.491 0.13828217329	0.0326128179929	0.0322937669035	0.0262391404819	0.0235332763866	0.0230908189974
-20.482 0.142926969262	0.0338059075616	0.0334691567223	0.0270921479121	0.0242515216195	0.0237954143503
-20.473 0.147819509731	0.0350669176216	0.0347111224098	0.0279886015027	0.025004339282	0.0245352360646
-20.464 0.15297816012	0.0364010792392	0.0360247654777	0.0289314797725	0.0257939571524	0.0253131102481
-20.455 0.158423236119	0.0378141374235	0.0374156867325	0.029924021467	0.026622785767	0.0261323568621
-20.446 0.164177378698	0.0393124128957	0.0388900463091	0.0309697533122	0.0274934364293	0.026996997062
-20.437 0.170266098861	0.0409028726942	0.0404546324654	0.0320725212906	0.0284087411398	0.0279121071511
-20.428 0.176718635979	0.0425932110918	0.0421169407687	0.0332365259631	0.0293717744999	0.0288844592257
-20.419 0.183569445472	0.0443919425836	0.0438852657934	0.0344663624568	0.0303858773918	0.0299237598084
-20.41 0.190861069365	0.0463085090566	0.0457688083058	0.0357670658561	0.0314546815338	0.0310452346207
-20.401 0.198650371544	0.0483534036933	0.0477778026432	0.037144162898	0.0325821319691	0.0322755349788
-20.392 0.207023991996	0.0505383147467	0.0499236733677	0.0386037311291	0.033772498029	0.0336678127693
-20.384 0.215084313352	0.0526085192299	0.0519563527415	0.0399757585887	0.034887101524	0.0351379570702
-20.378 0.221653395238	0.0542466182515	0.053564517398	0.0410540965713	0.0357600190945	0.0365088868944
-20.369 0.23294138102	0.0568523954644	0.0561227428442	0.0427565289566	0.037131839268	0.0395571252249
-20.361 0.245954527331	0.0593309947118	0.0585574304062	0.0443616054567	0.038416028541	0.0447649699637
-20.352 0.261691997798	0.0623199128543	0.0614932735332	0.0462792101148	0.0399439447311	0.0511287760769
-20.343 0.267345057591	0.0655421733261	0.0646507787951	0.0483253307918	0.0415852872855	0.0467175604833
-20.334 0.276264109995	0.0690231760723	0.0680701789395	0.0505121593323	0.0433253100808	0.0448109422074
-20.325 0.288457234426	0.0727928636587	0.0717969739812	0.0528533248809	0.0451727170497	0.0453192563988
-20.316 0.302527428144	0.0768884472014	0.0758771095668	0.0553638511858	0.0471395714996	0.0467361367676
-20.307 0.317718307978	0.081333232599	0.0801680575712	0.058054803533	0.049245442904	0.0483941216129
-20.298 0.334266159225	0.086169614373	0.0848304537018	0.0609486104731	0.0514969244628	0.0502975025384
-20.289 0.352379575199	0.0914559524561	0.0899663940232	0.0640677217556	0.0539057940636	0.0524602002929
-20.28 0.372136981396	0.097248193644	0.0956041933059	0.0674349966532	0.0564887001899	0.0548368948767
-20.271 0.393694248352	0.103611861888	0.101798410418	0.0710770659613	0.059263329899	0.0574190668613
-20.262 0.417256928789	0.11062412573	0.108620296326	0.0750244969527	0.0622492827648	0.0602136874572
-20.255 0.43712734081	0.116584160393	0.114414587059	0.0783280748595	0.0647318068179	0.0625432534966
-20.247 0.461679813266	0.12400691424	0.121625520462	0.082379566303	0.0677566711111	0.0653851951921
-20.239 0.488423011592	0.13216397938	0.129542833606	0.0867554994603	0.0710002165593	0.0684340390196
-20.23 0.52146652858	0.142343604642	0.139413144704	0.0921106751588	0.0749375630283	0.0721345255989
-20.222 0.553820078521	0.152415266495	0.149167991452	0.0973003169164	0.0787208457547	0.0756881227464
-20.213 0.594060102129	0.165081065304	0.161420642057	0.103683009822	0.083331991663	0.0800152595286
-20.204 0.63898625711	0.179396677999	0.175250257466	0.110717542139	0.0883628266376	0.0847302041395
-20.195 0.689371105708	0.195661255342	0.19093917375	0.118495692767	0.0938658077091	0.0898797938813
-20.186 0.746156978737	0.214244897432	0.208835824951	0.127125973283	0.0999018477043	0.0955183982645
-20.177 0.810503501111	0.235609823604	0.229374191624	0.136737424257	0.106542004753	0.101709340143
-20.168 0.883851679376	0.260339287417	0.253100264623	0.147484455193	0.113869578804	0.108526667827
-20.159 0.968011553216	0.28917764809	0.280708566625	0.159553069071	0.121982731197	0.116057369247
-20.151 1.05374303431	0.319032602524	0.309225686573	0.171571577317	0.1299474773	0.123432825948
-20.143 1.15187331558	0.353759556213	0.342318464499	0.185003282968	0.138720855477	0.13153755684
-20.135 1.2649958613	0.394477212926	0.381019015114	0.200078497371	0.148416035319	0.140470718762
-20.126 1.41435950724	0.449278629816	0.432943938204	0.219352517503	0.160592328402	0.151656762073
-20.118 1.57165483784	0.508163490974	0.488544479115	0.23892473387	0.172721656604	0.162764225259
-20.109 1.78391594979	0.58935430163	0.564901674614	0.264247365313	0.188087963614	0.176787246454
-20.101 2.01304356837	0.679003112043	0.648832845772	0.290296042948	0.203538496768	0.190834527769
-20.092 2.33130290327	0.806582767381	0.767644697693	0.32448360011	0.223312559006	0.208739259745
-20.083 2.73690292586	0.973653734948	0.922215985242	0.365083573761	0.246117147536	0.229290717357
-20.074 3.26665247885	1.19826851633	1.12839695084	0.413802628647	0.272603823575	0.253036659372
-20.065 3.97964520982	1.51002607709	1.41183541447	0.472954134712	0.303608904323	0.28067407777
-20.056 4.97590681573	1.96011784575	1.81618213028	0.545735962369	0.340219988261	0.31310070831
-20.047 6.43617190661	2.64310931747	2.4204783642	0.636668368549	0.383872149249	0.351488509704
-20.039 8.40311381594	3.59517434235	3.2474219041	0.737969536385	0.430126494236	0.391859810731
-20.031 11.5187738812	5.15586784639	4.57203871638	0.865431167035	0.485262757768	0.439601578517
-20.023 16.9028326574	7.95204409117	6.87302194376	1.02885517023	0.551703406284	0.496619122276
-20.014 29.327448658	14.6730222241	12.1601423937	1.27445686201	0.644124308071	0.575074992137
-20.005 61.0201376294	32.4668265209	25.4980899714	1.61903502451	0.761801878145	0.673657773476
-19.997 127.858648795	68.4930301217	55.6283882767	2.05648773478	0.895642207989	0.784166685125
-19.988 145.109235989	64.5137084751	75.7613224789	2.79604213915	1.09291614165	0.944258980529
-19.979 68.6988837628	27.2834189847	34.8828474006	4.01034185359	1.36290118233	1.15862256843
-19.971 39.62334933	13.8018335806	16.8315628365	5.87682205781	1.69593777311	1.4165308507
-19.962 30.4607444903	7.58406971914	8.84025315777	9.97346490532	2.23857074319	1.82375155303
-19.953 35.3154720398	4.72804938903	5.34566337793	19.7222406632	3.08566103749	2.43320754863
-19.944 61.2439815329	3.21133663097	3.55548320972	46.5646628464	4.50964992113	3.4021179557
-19.935 96.5621470685	2.31732732589	2.52728989787	79.4881103485	7.15726525411	5.07131316626
-19.926 66.3719479149	1.74854349209	1.88558494472	41.6339213055	12.8210629744	8.28208694342
-19.918 61.6168220192	1.40121313266	1.49920734463	19.5100653672	24.8865220995	14.3190796179
-19.911 89.1215849541	1.17533408018	1.25043220144	11.3294770028	49.3615337647	26.0039868168
-19.903 145.37833709	0.97794504311	1.03480564402	6.86714334767	79.7867914452	56.7106541781
-19.895 131.994924302	0.826268516752	0.870336181323	4.56542571563	47.9485109535	77.7834271364
-19.887 68.2554538043	0.707242664874	0.742077315936	3.24135301641	22.1115971764	41.4524264162
-19.878 32.3204082644	0.601622586881	0.628905415023	2.33445649806	10.8907570067	17.8640212031
-19.87 19.4091341399	0.526376048034	0.548674025561	1.81173572322	6.65392781566	9.86781481941
-19.861 12.4219135945	0.457420780275	0.475460271858	1.40809020134	4.25101300356	5.82934492578
-19.852 8.69588668039	0.401163262836	0.415962364689	1.12522077264	2.93693987171	3.81602711219
-19.844 6.66957691222	0.359426406473	0.371965871163	0.939448580387	2.2168596715	2.78130895276
-19.835 5.1602692755	0.319804660048	0.330319487327	0.780438864663	1.68158202069	2.04756100748
-19.826 4.12765796431	0.286387268451	0.295290762833	0.658546053502	1.31829185838	1.56858149198
-19.817 3.38714726074	0.257944578275	0.265549794247	0.563080107095	1.06075898594	1.2392550598
-19.809 2.89019295795	0.236073735347	0.2427287051	0.494605785413	0.890117722657	1.02610936463
-19.8 2.45590390982	0.214636200684	0.220402218605	0.431489432858	0.742991554309	0.84582769539
-19.792 2.14986644254	0.197940578005	0.203044664782	0.384993784828	0.640750418743	0.72258068182
-19.784 1.89954657504	0.18312009773	0.187659822682	0.345621614227	0.558210660839	0.624378384387
-19.775 1.66846849738	0.168353565369	0.172353572204	0.308134385206	0.483049428684	0.536021751458
-19.766 1.47837326524	0.155304374484	0.158846946492	0.276428442384	0.422088532273	0.465149247243
-19.757 1.31992517402	0.143716318945	0.146868637159	0.249374417312	0.3719685527	0.407441498149
-19.748 1.18633705231	0.133379223879	0.136196574273	0.226105592864	0.330266558924	0.359833246909
-19.739 1.07257172531	0.124119371416	0.126647585028	0.205947930528	0.295199800419	0.320101014135
-19.731 0.984989781067	0.11667530329	0.118978820285	0.190210387834	0.268512683738	0.290056369617
-19.722 0.899001205414	0.109074810761	0.111156265777	0.174570094241	0.242596720029	0.261046841867
-19.713 0.824055016347	0.102194263861	0.104081306615	0.160783227722	0.220259034581	0.236180419162
-19.705 0.765207126294	0.0966110810888	0.0983451333023	0.149855378485	0.202895502798	0.216942982058
-19.696 0.706393340098	0.0908606395868	0.0924417147538	0.138843131458	0.185707864347	0.197982597918
-19.688 0.659742004181	0.0861700555253	0.0876299002045	0.130043308204	0.1722000048	0.183141019886
-19.679 0.612684843492	0.0813152063262	0.082653031424	0.121108599494	0.158694068229	0.16835584082
-19.67 0.570582469634	0.0768600055364	0.0780890348955	0.113064926686	0.146717784854	0.155292222577
-19.663 0.540821263521	0.0736436182678	0.0747960442662	0.107350718352	0.138316562528	0.146155505693
-19.654 0.505919186956	0.0697970869458	0.0708600924841	0.100619628313	0.128535629429	0.135547513611
-19.645 0.474347297281	0.0662447853979	0.0672273819939	0.0945031457627	0.119757546271	0.12605476874
-19.636 0.445689884121	0.062957453141	0.0638675446684	0.0889286737701	0.111849800814	0.117526299779
-19.627 0.419594774467	0.0599093778869	0.0607539200702	0.0838340228187	0.104701057472	0.109835832651
-19.618 0.395761933041	0.0570778915898	0.0578630253372	0.0791656709788	0.0982172238894	0.102877098203
-19.61 0.376267803779	0.0547265845531	0.0554634957387	0.0753363628758	0.0929471019597	0.0972328212459
-19.601 0.356036113619	0.0522513558399	0.0529386170884	0.0713519758806	0.0875105322849	0.0914217229109
-19.592 0.337417260431	0.0499407440348	0.0505827116469	0.0676761360027	0.0825380974016	0.0861171837013
-19.584 0.322084310542	0.0480134826995	0.0486184671018	0.0646425561035	0.0784661166744	0.0817808709465
-19.576 0.307788190423	0.0461959649732	0.0467667490399	0.0618089138112	0.074688735084	0.0777645772774
-19.567 0.292829890888	0.0442722820367	0.0448075984155	0.0588387190558	0.0707568986564	0.0735906508776
-19.558 0.278951109923	0.0424666423866	0.0429693650851	0.0560780964035	0.0671281662059	0.0697446022716
-19.551 0.268836897555	0.0411377720952	0.0416169473465	0.0540634230852	0.0644957919885	0.0669583372847
-19.542 0.256632317604	0.0395192122763	0.0399702205156	0.0516292016197	0.0613333106719	0.0636152445797
-19.533 0.245251430152	0.0379946269983	0.0384196290991	0.0493561972006	0.0583983823621	0.060516961212
-19.524 0.234621166027	0.036556877061	0.0369578293096	0.047230478538	0.0556696862724	0.0576401534956
-19.515 0.224676431182	0.0351994883227	0.0355781608496	0.045239587029	0.053128341019	0.0549642024565
-19.506 0.215359062331	0.0339165784839	0.0342745569374	0.0433723537418	0.0507575772523	0.0524708335404
-20.497 0.13531497388	 0.0318528	0.0315448	0.0256932	0.0230726	0.0226394
-20.487 0.140317045727	0.0331350102467	0.0328082508628	0.0266130719353	0.0238483639085	0.0233997883642
-20.478 0.145069795732	0.0343576714921	0.034012629872	0.0274850366672	0.0245817106469	0.0241197167054
-20.469 0.150078231277	0.0356505183277	0.0352857939716	0.0284017408649	0.025350598454	0.0248760760086
-20.46 0.155361545742	0.0370190031253	0.036633059675	0.0293662754837	0.0261573342281	0.0256718923996
-20.451 0.160941034071	0.0384691186463	0.0380602684798	0.0303820036356	0.0270044154008	0.0265107652749
-20.442 0.166840531485	0.0400074635712	0.0395738506181	0.0314525898498	0.0278945487846	0.027397128484
-20.433 0.173087072986	0.041641317491	0.0411808982441	0.0325820330766	0.0288306713838	0.0283367075871
-20.424 0.179711975716	0.0433787269517	0.04288924988	0.0337747040004	0.0298159731375	0.0293373711933
-20.415 0.186752803878	0.045228604462	0.0447075885574	0.0350353873293	0.0308539211724	0.0304108312221
-20.406 0.194257359323	0.0472008427537	0.0466455572327	0.036369329865	0.0319482840229	0.0315763294109
-20.397 0.202292855415	0.0493064470876	0.0487138976008	0.03778229535	0.0331031508984	0.0328694608587
-20.388 0.210970164892	0.0515576890822	0.0509246254916	0.0392806274285	0.0343229297525	0.0343660178297
-20.379 0.220518981718	0.0539682867656	0.0532912801911	0.0408713228449	0.0356122645153	0.0362566884024
-20.37 0.231560653716	0.0565536189646	0.0558293816792	0.0425621194349	0.0369756296078	0.0391193761689
-20.36 0.247870597891	0.0596522727681	0.0588731779807	0.0445686615358	0.0385809420087	0.0456715539828
-20.351 0.262637468962	0.0626659887809	0.0618325468924	0.0464999993335	0.0401209094023	0.0509912612171
-20.342 0.268088602786	0.0659156734945	0.0650170748234	0.0485611299958	0.0417737309836	0.0462973604338
-20.333 0.277498217476	0.0694271640484	0.0684680203323	0.0507643973187	0.0435250511476	0.0447913093201
-20.323 0.291446708389	0.073673433114	0.0726736372213	0.0533960927338	0.0455989675803	0.0455824565919
-20.312 0.309156267832	0.0788199120208	0.0777601258748	0.0565366009125	0.0480575327011	0.0474596395014
-20.303 0.324881246225	0.0834305426551	0.0821825573952	0.0593144440541	0.0502277107826	0.0492031710318
-20.294 0.342120859333	0.0884604044969	0.0870536997684	0.0623057953203	0.0525471241378	0.05123058293
-20.285 0.360949775816	0.0939641794143	0.0924073399534	0.0655321550448	0.0550312511021	0.0534911228769
-20.276 0.381484562036	0.100001646363	0.0982845849457	0.0690180473499	0.0576970855393	0.0559589703357
-20.267 0.403905203505	0.106643292185	0.10474811104	0.0727918095955	0.060563081836	0.0586341633984
-20.258 0.428436306449	0.113972091979	0.111875625975	0.0768859078328	0.0636498719366	0.0615275309046
-20.249 0.455346016594	0.122085950292	0.1197599551	0.0813375662355	0.0669807419627	0.0646559799098
-20.24 0.48495144958	0.131100925584	0.128511437086	0.0861895950298	0.0705821014494	0.0680410096074
-20.231 0.517627699636	0.141155373592	0.138261589647	0.0914914151746	0.0744840172697	0.0717083526986
-20.221 0.558080640867	0.153749101557	0.150459082104	0.0979798478882	0.0792139358738	0.0761510725306
-20.212 0.59880762414	0.166585271751	0.16287471875	0.10443088464	0.0838693542123	0.0805191935463
-20.203 0.644299389159	0.181101517939	0.176895912011	0.111543231342	0.088949917606	0.0852799921017
-20.194 0.695345414709	0.197604014127	0.192811550268	0.119410365096	0.0945089497528	0.0904810815545
-20.185 0.752909572994	0.216471931774	0.210978504558	0.128142874351	0.100608400705	0.0961777502843
-20.176 0.81817922845	0.23817934108	0.231841740988	0.137872357454	0.107320576819	0.102434418155
-20.167 0.892631546088	0.26332517132	0.255961729089	0.148756397604	0.114730289054	0.109326452729
-20.157 0.988401920691	0.296235772919	0.287456193083	0.162436260987	0.123903634533	0.11783771958
-20.146 1.11347062711	0.340101327123	0.329312692363	0.179787116416	0.135329299056	0.128406873241
-20.137 1.23514243992	0.38366327147	0.370751077398	0.196141292047	0.145898901279	0.138153716427
-20.128 1.3788698012	0.436155386738	0.420525805428	0.214835530687	0.157759977647	0.14905798765
-20.119 1.55053352644	0.500190406704	0.481027341758	0.236337957458	0.171131597613	0.161310090552
-20.11 1.75817472009	0.579408760068	0.555566393124	0.261239749841	0.186281291694	0.175141261274
-20.1 2.04491807317	0.691626864091	0.660621156655	0.293820822878	0.205602935373	0.192707597927
-20.091 2.37151864444	0.822935190878	0.782822931969	0.328651039997	0.225686164144	0.210883119
-20.082 2.78879113898	0.995352355782	0.942212322249	0.370059595468	0.248864781584	0.231760101507
-20.073 3.33544306729	1.22790613971	1.15547340479	0.419810237488	0.275808268671	0.255900848733
-20.064 4.07395106539	1.55196417831	1.44974236809	0.480298646635	0.307377138197	0.284021785793
-20.055 5.11076484315	2.02213786669	1.87149292931	0.55484421985	0.344692177111	0.317046996865
-20.046 6.63980951431	2.74014875599	2.50553380874	0.648151530313	0.389234786966	0.356184749282
-20.037 9.04546912236	3.91233535892	3.51947158915	0.767063914724	0.442995437693	0.403038994724
-20.028 13.1769288802	6.00585981359	5.28017780862	0.921840337678	0.508698460807	0.459775345584
-20.019 21.1934741156	10.2403149704	8.70461760995	1.12841353408	0.590151445448	0.529374130074
-20.01 39.6056112024	20.3867367605	16.4967935533	1.41258957441	0.692804628613	0.61602677578
-19.998 117.746706116	63.4918612527	50.61516513	1.99278120942	0.877068772133	0.768927337961
-19.989 152.683587219	69.4422604143	78.5523129581	2.69588552741	1.06794863839	0.924168527776
-19.98 74.8662448702	30.0281626938	38.5371777854	3.84048055453	1.32825655209	1.13139647646
-19.97 37.7418140605	12.8115862858	15.5327859764	6.1961707489	1.74592913666	1.4546854467
-19.961 30.3285686304	7.15792316835	8.31007335936	10.6660862277	2.31435828369	1.87949352631
-19.952 36.8560258505	4.51256903609	5.08819271399	21.5274014112	3.20814354576	2.51906428181
-19.943 66.0986263191	3.08884509927	3.41331502285	51.3266779793	4.72523521063	3.54380692401
-19.934 95.4325763703	2.24150281879	2.4411457424	77.8372341137	7.58395219707	5.32790384702
-19.925 63.8249453783	1.69851191469	1.82965774844	37.6719904069	13.8136222935	8.81042255712
-19.916 66.1221491646	1.33048491781	1.42108789466	16.5085050229	30.0876803803	16.773642206
-19.907 118.802745941	1.06987377445	1.13501297059	8.70053961394	69.4922917141	38.4041136947
-19.898 148.479610809	0.878736390708	0.927103343428	5.27358436056	63.0744302144	78.3247492966
-19.889 82.0932059962	0.734470984444	0.771352207707	3.51322349499	26.5756710011	50.4976880097
-19.88 37.5319437568	0.622950824619	0.651707708995	2.50015324222	12.5452608576	21.2112094148
-19.871 20.5470181247	0.534985867566	0.557836771734	1.86695993221	7.0372232096	10.5494031407
-19.862 12.9868931092	0.464392102197	0.482848086583	1.44592609716	4.44846868896	6.14467201616
-19.853 9.016568241	0.406886240996	0.422004963314	1.15223988645	3.05070292928	3.98415998095
-19.843 6.46942758575	0.354671019597	0.36696116238	0.919498487903	2.14573474382	2.6819953095
-19.831 4.65607354899	0.304267448894	0.314021833213	0.722421705243	1.50373968127	1.81106098913
-19.822 3.76986728032	0.273193451589	0.28148611942	0.613340759342	1.19345411479	1.40783319283
-19.813 3.12318160699	0.246646021127	0.253754989385	0.527182310746	0.969855476038	1.125184668
-19.804 2.63532330628	0.223787548397	0.229927781172	0.457956962574	0.803512834852	0.919581041902
-19.795 2.25725051141	0.203965419488	0.209305229733	0.401508077007	0.676471493583	0.765443815224
-19.786 1.95768896416	0.186665102186	0.191337786762	0.354878677547	0.577285287445	0.646966049144
-19.777 1.71588531081	0.171476538318	0.175588765177	0.315919233604	0.498383091422	0.553961855562
-19.768 1.51759982941	0.158069700091	0.161707643238	0.283037121396	0.434597476233	0.479632159546
-19.759 1.35278034019	0.146176563677	0.149410451116	0.255032213599	0.38230520751	0.419300168039
-19.75 1.21415506475	0.135577645485	0.138465172316	0.230986379734	0.338905578711	0.369664462426
-19.741 1.09635058898	0.126091828092	0.128680747076	0.210187618335	0.302493102607	0.328341311246
-19.732 0.995321622443	0.117568588737	0.119898697218	0.192076959091	0.271646091277	0.293575095837
-19.723 0.907972206228	0.109882003459	0.111986682138	0.176210652389	0.245286542316	0.264049883536
-19.714 0.831897993498	0.102926078111	0.104833493541	0.162232818636	0.222585137975	0.238763734786
-19.704 0.758307699217	0.0959455466206	0.0976616526368	0.148568243053	0.200870433962	0.214704737395
-19.695 0.700289661553	0.0902536182138	0.091818822802	0.13769506558	0.18393407921	0.196030644154
-19.686 0.648816959983	0.0850542527971	0.0864857387824	0.127974204764	0.169053451024	0.179691513774
-19.676 0.598136477031	0.0797879665937	0.0810881494151	0.118334439852	0.154543902447	0.163823790588
-19.667 0.5575281065	0.0754562026836	0.0766515956282	0.110561349897	0.1430259539	0.151274373445
-19.656 0.513371362105	0.0706253376206	0.0717073931013	0.102059526883	0.130617365847	0.137802597221
-19.647 0.481097851741	0.0670103163266	0.0680100622259	0.0958131440659	0.121628713889	0.128076043224
-19.638 0.451825251907	0.0636664404639	0.0645920119856	0.0901239362867	0.113537859085	0.119344991341
-19.629 0.425188349954	0.0605672560112	0.0614258072185	0.0849275648538	0.106229133484	0.111478125888
-19.62 0.400876380743	0.0576894575456	0.0584873000547	0.080168713943	0.0996049070903	0.104365081808
-19.612 0.381001748434	0.055300565126	0.0560491537209	0.076267160262	0.0942240744249	0.0985994615799
-19.603 0.360386254924	0.0527866453552	0.0534845457158	0.0722095549033	0.0886765892061	0.0926671155879
-19.594 0.341424403543	0.0504407437415	0.0510924250678	0.0684679789383	0.0836057193752	0.0872552554796
-19.585 0.32394221484	0.048248212294	0.0488576618103	0.0650104455201	0.0789583963147	0.0823047357735
-19.575 0.306069365286	0.0459760757848	0.0465427673672	0.0614678896677	0.0742358578307	0.0772834699893
-19.566 0.291236478147	0.0440660078759	0.0445975663364	0.0585220065786	0.0703393286038	0.0731477720224
-19.557 0.277471093855	0.0422728817683	0.0427721476283	0.0557834382717	0.0667423265474	0.0693360067495
-19.548 0.26467230887	0.0405873400296	0.041056872583	0.0532331761412	0.0634149201476	0.0658152071904
-19.539 0.252750952021	0.039000942676	0.0394430526712	0.0508543409451	0.0603308246127	0.0625564950606
-19.53 0.241627974145	0.0375060612983	0.0379228389058	0.0486319028928	0.0574668815364	0.0595344871533
-19.521 0.231233090071	0.0360957871358	0.036489124989	0.0465524437185	0.0548026231448	0.0567267998676
-19.512 0.22150362515	0.0347638509877	0.0351354591251	0.0446039536737	0.052319905769	0.0541136337711
-19.502 0.211405544962	0.033368884978	0.0337181151828	0.0425795024377	0.0497546924312	0.0514169610527
